13897 17928 18165 22196 0
1116 7694 17609 24187 0
4025 7137 8486 11598 0
105 9700 11952 21547 0
15587 16996 17046 18455 0
5104 5662 6020 6578 3
13381 18289 24184 29092 0
757 9049 16237 24529 0
28481 28595 29175 29289 305
8314 17498 18780 27964 0
11336 17184 17706 23554 0
29249 29323 29540 29614 293
27435 27497 27611 27673 82
16236 16282 16349 16395 99
15966 22056 22274 28364 0
29884 29897 29944 29957 832
4575 15267 18159 28851 0
29663 29668 29688 29693 1334
4383 8750 8856 13223 0
2286 11827 16379 25920 0
7764 9844 18274 20354 0
1527 3977 26175 28625 0
9962 12755 16355 19148 0
1951 8038 21398 27485 0
25306 25315 25839 25848 60
5816 5929 6822 6935 274
4648 10058 12600 18010 0
2682 4325 21710 23353 0
2545 8029 22150 27634 0
1142 5692 7719 12269 0
5994 10440 18013 22459 0
29842 29845 29986 29989 47
3701 12353 17842 26494 0
5195 6982 26884 28671 0
11535 18183 19226 25874 0
29981 29981 30000 30000 3192
5953 7456 10490 11993 0
7080 12907 23914 29741 0
28972 28976 28984 28988 2500
18703 18794 18920 19011 4
16583 16623 16624 16664 119
21 8854 11618 20451 0
2567 12290 15658 25381 0
1529 5731 16857 21059 0
29903 29936 29960 29993 43
26641 26645 28355 28359 1183
17946 18671 18794 19519 0
18773 21522 26464 29213 0
13655 20495 21880 28720 0
6953 13100 15662 21809 0
16840 21284 21757 26201 0
15867 16226 25869 26228 0
25226 26376 27840 28990 0
13531 13895 14431 14795 6
16106 20653 21755 26302 0
19775 19816 20324 20365 9
18170 18577 18627 19034 0
3715 11354 20376 28015 0
28618 28873 29199 29454 63
8378 10986 23364 25972 0
13314 20190 21817 28693 0
26827 26830 27119 27122 1276
28999 29112 29360 29473 84
29902 29941 29948 29987 73
26706 26965 29734 29993 0
7595 8346 9850 10601 0
24789 25425 26324 26960 0
14579 18503 24528 28452 0
14495 16760 17528 19793 0
741 2486 23093 24838 0
10523 18538 19787 27802 0
29614 29616 29659 29661 7529
29161 29207 29504 29550 43
853 3363 3620 6130 0
28728 29067 29156 29495 0
10050 16182 19548 25680 0
10299 11434 27309 28444 0
224 7642 17877 25295 0
2729 5914 20688 23873 0
8673 14768 19601 25696 0
24932 24972 25696 25736 153
11715 15611 23376 27272 0
29743 29779 29891 29927 271
10439 10625 20750 20936 0
14221 16780 17624 20183 0
14630 16161 25898 27429 0
17421 21645 25763 29987 0
824 2039 2145 3360 0
25558 25980 26530 26952 24
27203 27226 28704 28727 316
1727 7186 18128 23587 0
594 1391 5056 5853 0
25487 25487 25496 25496 1294
15631 20073 25366 29808 0
2173 7493 17597 22917 0
15809 16319 16715 17225 0
358 13026 17310 29978 0
13292 19305 21879 27892 0
18886 20357 27634 29105 0
17399 21189 24922 28712 0
29848 29856 29916 29924 123
2502 5603 11369 14470 0
4976 14323 14661 24008 0
11918 13591 27920 29593 0
28719 28814 28875 28970 75
7306 8764 27138 28596 0
29483 29493 29596 29606 11
2486 3818 4597 5929 0
21204 21574 21674 22044 16
18061 19250 28799 29988 0
21619 22354 27309 28044 0
5922 6065 6500 6643 9
18796 19265 19861 20330 0
2482 9338 22847 29703 0
26941 27279 28408 28746 0
14396 15904 18907 20415 0
8289 8308 8905 8924 298
4695 9741 20451 25497 0
13727 19215 21680 27168 0
2767 7583 10028 14844 0
19401 20710 26522 27831 0
5654 12957 18867 26170 0
3559 5041 23055 24537 0
1655 7022 20579 25946 0
15427 19421 23802 27796 0
7333 10349 11603 14619 0
162 10013 19735 29586 0
740 1805 28646 29711 0
8987 9530 25575 26118 0
17144 17909 18654 19419 0
552 4919 21981 26348 0
11359 12364 27659 28664 0
13411 17393 17572 21554 0
29558 29596 29623 29661 40
29280 29324 29956 30000 311
6279 7869 14461 16051 0
24154 25506 26467 27819 0
3795 12351 14306 22862 0
1739 8168 22721 29150 0
776 1427 26169 26820 0
1500 4734 5517 8751 0
24835 25123 25423 25711 72
5164 9379 13904 18119 0
24149 25709 25886 27446 0
12849 16387 20451 23989 0
14431 14446 15030 15045 902
14401 16750 19562 21911 0
2076 8206 13497 19627 0
26515 26578 26805 26868 265
561 3542 7374 10355 0
29956 29971 29982 29997 69
3976 6536 7657 10217 0
663 6806 21820 27963 0
14387 17500 17851 20964 0
5170 14706 15558 25094 0
14474 15846 21801 23173 0
876 2009 6502 7635 0
3728 11332 15047 22651 0
4839 6453 7501 9115 0
7759 9430 11797 13468 0
2509 3063 28240 28794 0
12873 17334 22954 27415 0
2367 8306 22473 28412 0
24624 24624 24627 24627 1908
4886 7071 17436 19621 0
1139 8989 12525 20375 0
24810 24950 25028 25168 48
21234 21244 24956 24966 398
29028 29203 29211 29386 5
2734 5487 8096 10849 0
11468 15251 15947 19730 0
28801 28823 28850 28872 571
17859 18352 18667 19160 0
8276 16098 18682 26504 0
12338 17771 22133 27566 0
29533 29554 29948 29969 1
124 7834 18135 25845 0
17886 22829 23311 28254 0
8624 13903 21361 26640 0
1390 5767 23205 27582 0
3448 8264 23962 28778 0
4412 7364 25309 28261 0
19102 19793 28995 29686 0
12322 15833 18486 21997 0
4437 6980 22220 24763 0
18030 19147 27726 28843 0
10217 18293 21407 29483 0
28995 29002 29025 29032 32
16732 19136 23662 26066 0
14650 16546 20034 21930 0
2395 6082 7598 11285 0
16676 17876 19398 20598 0
3436 4716 7493 8773 0
15901 20127 24448 28674 0
12639 18067 18422 23850 0
3713 3887 29809 29983 0
316 2213 3455 5352 0
29887 29900 29908 29921 313
10810 16894 21775 27859 0
12323 17315 22367 27359 0
15640 18771 18774 21905 0
2675 3740 7905 8970 0
28285 28302 28390 28407 309
819 1351 2426 2958 0
9694 13665 14491 18462 0
12280 13337 27959 29016 0
20733 23945 26210 29422 0
4426 10723 23695 29992 0
29665 29730 29756 29821 14
9504 12961 18707 22164 0
14373 18507 25485 29619 0
29821 29823 29979 29981 1936
22248 23243 26353 27348 0
11389 16324 17157 22092 0
112 3399 25418 28705 0
29897 29905 29943 29951 620
27793 28107 29652 29966 0
208 3682 3762 7236 0
29838 29848 29976 29986 48
8799 9280 9312 9793 0
21089 21095 23402 23408 2056
2062 5800 8191 11929 0
21282 22494 27915 29127 0
27231 27399 29475 29643 0
4319 11896 20071 27648 0
15353 15357 16704 16708 794
2219 3815 10462 12058 0
16931 17330 21407 21806 0
2325 11841 13660 23176 0
381 2101 6130 7850 0
14286 15339 27872 28925 0
15605 18106 18753 21254 0
2545 3120 28385 28960 0
4310 9709 13904 19303 0
794 5495 16155 20856 0
4791 5183 5391 5783 8
18300 20961 22019 24680 0
8739 9133 29587 29981 0
6502 10167 16698 20363 0
21528 21921 29604 29997 0
698 7719 17890 24911 0
10443 10509 10731 10797 18
10188 13549 18825 22186 0
17396 17973 18571 19148 0
17475 18989 19032 20546 0
12423 16861 24109 28547 0
508 1307 11427 12226 0
25525 25707 25817 25999 32
3064 7115 17149 21200 0
15224 15537 28207 28520 0
17825 20082 22882 25139 0
17654 20860 22146 25352 0
1585 3775 4285 6475 0
19141 24145 24172 29176 0
12368 16464 23825 27921 0
27315 27743 29558 29986 0
17158 20724 23941 27507 0
12638 15986 23710 27058 0
5062 7448 9832 12218 0
27190 27219 27455 27484 18
16032 18838 27093 29899 0
24245 24355 29748 29858 0
18246 20211 27627 29592 0
14692 14857 23023 23188 0
16105 16615 18519 19029 0
15272 17752 22543 25023 0
2396 11559 19585 28748 0
10246 10571 11125 11450 40
14295 16079 17938 19722 0
14673 15128 15253 15708 16
7600 12806 18027 23233 0
387 1413 23988 25014 0
619 3282 13699 16362 0
17053 17172 17258 17377 65
26437 26797 29483 29843 0
29421 29504 29893 29976 0
20781 20946 21830 21995 15
5576 6950 12101 13475 0
4223 9356 14801 19934 0
25928 26403 26515 26990 1
21754 24839 26179 29264 0
25721 26297 27701 28277 0
11029 13830 19890 22691 0
29624 29628 29631 29635 2216
12455 13798 18327 19670 0
15361 16357 25797 26793 0
25574 25676 25681 25783 17
15845 17070 27529 28754 0
29205 29560 29620 29975 0
2490 9403 21848 28761 0
28694 28729 29577 29612 69
61 6653 15925 22517 0
18798 22799 24215 28216 0
16572 18722 18736 20886 0
2686 4002 28640 29956 0
539 4617 17314 21392 0
4119 12173 15417 23471 0
7328 10283 21677 24632 0
18106 18869 24889 25652 0
15822 19934 25622 29734 0
3087 10904 16300 24117 0
10440 12043 27591 29194 0
28485 28542 29629 29686 2
24932 25074 25128 25270 7
16325 17567 18508 19750 0
28548 28719 29810 29981 0
20235 24818 25043 29626 0
13781 18607 19741 24567 0
27423 28564 28714 29855 0
5394 14975 17308 26889 0
18432 18564 26601 26733 0
15642 17897 21457 23712 0
20004 20733 27560 28289 0
28495 28607 28823 28935 117
10708 11203 11603 12098 50
21520 23539 26088 28107 0
12144 12199 12706 12761 87
2773 7810 22694 27731 0
3005 11545 18484 27024 0
24550 26644 27830 29924 0
616 899 20184 20467 0
5407 8511 19065 22169 0
21860 22348 29497 29985 0
29462 29464 29997 29999 116
448 8627 21510 29689 0
14157 20839 22825 29507 0
4016 8926 18755 23665 0
4454 9256 15257 20059 0
3672 11370 17708 25406 0
23597 23648 23797 23848 137
9408 15830 23197 29619 0
26058 26070 28350 28362 52
7462 8679 8958 10175 0
27484 28013 29430 29959 0
11311 11498 29795 29982 0
4411 5289 13326 14204 0
20283 21096 25446 26259 0
20332 23104 24915 27687 0
175 8700 9901 18426 0
29260 29352 29611 29703 7
4482 14096 14808 24422 0
22831 23298 29495 29962 0
20260 22531 26509 28780 0
11011 11857 28969 29815 0
3006 3760 29127 29881 0
2637 12697 15576 25636 0
17777 22603 23539 28365 0
2068 13440 18154 29526 0
6434 7889 25976 27431 0
4372 15289 16985 27902 0
10995 15540 16013 20558 0
21223 21426 22265 22468 7
9350 16289 19635 26574 0
3744 4281 4463 5000 0
5220 10070 16194 21044 0
17931 20082 27343 29494 0
26023 27850 27979 29806 0
29672 29714 29733 29775 324
52 270 287 505 0
9489 14054 23877 28442 0
23201 25450 26258 28507 0
28903 28922 29179 29198 186
21493 23668 27235 29410 0
13501 13764 14003 14266 13
13309 16476 26140 29307 0
10572 17185 19596 26209 0
14294 18014 24027 27747 0
11434 12739 18194 19499 0
24181 25391 26246 27456 0
12614 13167 29317 29870 0
18125 21467 21581 24923 0
11471 14342 18779 21650 0
5451 10354 14787 19690 0
9712 11228 11483 12999 0
7987 10824 26173 29010 0
3767 8499 20324 25056 0
3377 4628 27588 28839 0
6032 12625 18306 24899 0
16084 16597 18679 19192 0
18774 20309 25186 26721 0
133 1537 27984 29388 0
7857 9481 26145 27769 0
8697 10204 25191 26698 0
6811 8648 25228 27065 0
8648 14590 22931 28873 0
1237 8258 17220 24241 0
17265 19741 26653 29129 0
592 2071 16366 17845 0
3794 10443 22152 28801 0
26997 27002 29987 29992 60
21618 21621 21629 21632 3552
559 5787 18586 23814 0
2466 15386 15801 28721 0
23760 25237 28312 29789 0
22426 22472 22500 22546 33
29459 29487 29490 29518 161
27721 27864 29534 29677 0
26108 26111 29923 29926 588
8760 18181 18656 28077 0
5401 9323 24254 28176 0
27328 27341 27691 27704 105
14653 16523 17661 19531 0
25429 26562 27210 28343 0
5907 11621 18528 24242 0
6669 15691 18668 27690 0
12714 14076 21620 22982 0
8563 14008 14026 19471 0
21300 23277 27980 29957 0
24315 25536 28743 29964 0
17676 23287 24340 29951 0
6841 13194 13418 19771 0
6330 9848 24601 28119 0
22024 22043 29943 29962 0
27351 27515 29831 29995 0
7294 9645 20110 22461 0
24070 24070 25313 25313 467
16808 17992 19756 20940 0
13193 13200 15378 15385 432
27036 27112 27281 27357 51
26088 26634 29302 29848 0
26301 26301 26302 26302 2605
19677 19805 19863 19991 29
14516 20409 22198 28091 0
9130 12003 25196 28069 0
21028 23868 26532 29372 0
16382 17791 18007 19416 0
9194 16937 21536 29279 0
12764 19759 21870 28865 0
18526 18895 18909 19278 0
23225 24145 27027 27947 0
8969 9866 28994 29891 0
2963 7008 13911 17956 0
19585 20342 21298 22055 0
22432 24180 28008 29756 0
1895 6023 20663 24791 0
12855 13158 29670 29973 0
6722 14337 20195 27810 0
16238 17477 26456 27695 0
29420 29458 29938 29976 0
20942 23309 25698 28065 0
4758 5117 29038 29397 0
25170 26602 26871 28303 0
23080 25460 25480 27860 0
397 6778 16569 22950 0
737 4454 25424 29141 0
5895 11579 23441 29125 0
10050 14572 14583 19105 0
6681 13161 21838 28318 0
20799 21613 26735 27549 0
16071 16866 27841 28636 0
24611 27042 27072 29503 0
4707 16738 17464 29495 0
23981 24618 26876 27513 0
15689 15699 15764 15774 79
903 1081 27923 28101 0
8519 8873 29483 29837 0
774 5468 15319 20013 0
26548 26549 26550 26551 482
13899 20949 21893 28943 0
12849 19414 23146 29711 0
29091 29195 29294 29398 46
14889 15518 19614 20243 0
11910 17524 17837 23451 0
2536 2856 28918 29238 0
27473 27942 29487 29956 0
11038 14539 15714 19215 0
7183 11948 15769 20534 0
15335 16777 26099 27541 0
29827 29898 29899 29970 0
13938 16655 25800 28517 0
16262 21590 23208 28536 0
4458 6266 6658 8466 0
5078 5516 6511 6949 66
27944 28108 28295 28459 0
12962 18070 23263 28371 0
27044 27374 29584 29914 0
15847 19218 24799 28170 0
17656 19905 23897 26146 0
4405 10399 13714 19708 0
541 2325 25841 27625 0
12760 17124 18960 23324 0
5761 11864 22492 28595 0
442 1666 24724 25948 0
701 2159 16559 18017 0
15890 16266 25913 26289 0
236 4830 8624 13218 0
8967 14545 15897 21475 0
9623 10320 19498 20195 0
29636 29691 29904 29959 0
37 8066 12282 20311 0
7165 9647 11455 13937 0
7816 12673 18665 23522 0
5257 6280 6341 7364 1
8015 13742 23730 29457 0
16159 18379 24852 27072 0
24302 26181 26587 28466 0
16713 22161 23292 28740 0
17481 20725 25294 28538 0
13349 15054 18956 20661 0
2387 11143 12160 20916 0
15447 19640 23121 27314 0
15368 16901 22933 24466 0
12040 15704 17510 21174 0
9657 11314 15688 17345 0
9829 16514 21644 28329 0
7402 10615 25687 28900 0
11237 17575 21579 27917 0
25658 26633 28992 29967 0
374 10581 13369 23576 0
12582 17974 22127 27519 0
12525 15402 15618 18495 0
20335 23404 23720 26789 0
14173 15242 21592 22661 0
29751 29772 29926 29947 60
18294 18531 18759 18996 0
21726 21846 29586 29706 0
2949 13130 15602 25783 0
12982 14368 26884 28270 0
29086 29111 29257 29282 250
26333 26389 26712 26768 18
28645 28664 28676 28695 76
12975 15051 17878 19954 0
6540 11117 23775 28352 0
15028 18748 23541 27261 0
5816 14367 20017 28568 0
3280 6674 7980 11374 0
10164 15798 21962 27596 0
25866 25878 26083 26095 31
691 1524 29017 29850 0
13793 16866 17255 20328 0
4493 9954 12950 18411 0
18796 19577 19793 20574 0
19387 20095 27630 28338 0
278 7399 18357 25478 0
16180 17505 26972 28297 0
23852 24148 27281 27577 0
16232 18033 25990 27791 0
8552 12047 24958 28453 0
1589 5119 25042 28572 0
3346 10415 21353 28422 0
21092 21667 27190 27765 0
15419 16226 22159 22966 0
14433 19780 20492 25839 0
16768 21679 24958 29869 0
942 3880 9145 12083 0
17683 19781 27248 29346 0
5494 15893 19165 29564 0
496 4681 20514 24699 0
4699 6413 7752 9466 0
6357 14885 17485 26013 0
1900 5015 22794 25909 0
11326 14577 15746 18997 0
4787 10485 23090 28788 0
8008 13717 20058 25767 0
11026 11221 11490 11685 39
16989 18007 18031 19049 0
22136 24703 26331 28898 0
444 10184 12953 22693 0
15130 17619 23934 26423 0
13529 13914 29529 29914 0
10840 11792 25034 25986 0
3048 8133 23303 28388 0
23828 25058 26301 27531 0
3674 3892 29595 29813 0
17008 19466 25162 27620 0
16443 20693 24261 28511 0
413 1277 22501 23365 0
20187 20362 20398 20573 20
10090 17009 17858 24777 0
2780 6755 24388 28363 0
5748 9218 17647 21117 0
14627 17111 17447 19931 0
24556 26072 26299 27815 0
20964 21067 21546 21649 224
4619 10287 19346 25014 0
16432 17226 18399 19193 0
18301 20708 25768 28175 0
1238 14285 16554 29601 0
29736 29750 29751 29765 1010
1067 6197 10958 16088 0
2411 5378 23796 26763 0
4101 12801 14606 23306 0
27153 27597 29476 29920 0
11504 16334 23942 28772 0
28500 28889 29466 29855 0
6897 6973 29902 29978 0
6743 11324 25287 29868 0
20511 21795 28510 29794 0
10408 14540 18090 22222 0
28911 28926 29856 29871 577
29662 29783 29815 29936 285
13292 13599 18703 19010 0
389 2977 11604 14192 0
19297 19830 20043 20576 3
15556 18596 21249 24289 0
17501 18204 18693 19396 0
29421 29465 29558 29602 27
28478 28537 29222 29281 8
1802 5690 23615 27503 0
8462 10667 25950 28155 0
16960 19567 21863 24470 0
23997 24794 29202 29999 0
23655 25829 25866 28040 0
3843 11308 11966 19431 0
26839 27392 29316 29869 0
3356 9380 21483 27507 0
21091 21337 21881 22127 0
18553 21843 25720 29010 0
22216 22300 22369 22453 122
12621 16105 17047 20531 0
25036 25867 29049 29880 0
27016 27354 29417 29755 0
7639 13760 17746 23867 0
25247 26409 27248 28410 0
5605 10335 15737 20467 0
4552 5425 18127 19000 0
14997 15233 15957 16193 44
2795 5581 5705 8491 0
13041 17373 23495 27827 0
5411 10265 15531 20385 0
10294 11262 28973 29941 0
20430 20433 20436 20439 680
1360 2493 22176 23309 0
23130 25082 25966 27918 0
23326 24371 28948 29993 0
16546 19220 25674 28348 0
9600 16695 22817 29912 0
20394 23812 26554 29972 0
8951 13996 24853 29898 0
14300 17956 26142 29798 0
2033 8832 22894 29693 0
3870 6875 8082 11087 0
5896 12062 12708 18874 0
16613 19084 24884 27355 0
18362 19480 19631 20749 0
279 3219 15248 18188 0
28798 28951 29533 29686 0
13324 17616 18389 22681 0
11283 17233 22995 28945 0
7523 9896 25917 28290 0
25632 25769 27292 27429 0
25143 26825 27049 28731 0
748 1543 3634 4429 0
7023 16122 20110 29209 0
7999 12552 24287 28840 0
17056 17114 17850 17908 42
11700 15233 18123 21656 0
5613 13428 15537 23352 0
10847 12659 25702 27514 0
8681 8744 8951 9014 98
26438 27074 28072 28708 0
16692 18875 27522 29705 0
10720 13787 24056 27123 0
102 11181 15195 26274 0
15267 16213 16499 17445 0
1925 6101 8997 13173 0
2276 4910 26366 29000 0
11211 15504 24153 28446 0
6919 9774 24920 27775 0
3257 5560 19965 22268 0
3393 3961 6437 7005 0
18505 21475 26697 29667 0
2078 11203 15001 24126 0
12948 15358 17188 19598 0
605 9208 15081 23684 0
5484 9413 17610 21539 0
28162 28389 28418 28645 74
18147 20059 27180 29092 0
9325 13898 24031 28604 0
2068 3157 12768 13857 0
4600 8082 14238 17720 0
6029 9640 10762 14373 0
12405 16328 17281 21204 0
18139 22955 24592 29408 0
4996 9653 16046 20703 0
17959 22033 25628 29702 0
13648 14405 15413 16170 0
22261 22705 29253 29697 0
2139 5692 25739 29292 0
27696 28027 29630 29961 0
8964 9259 14018 14313 0
23978 26248 26345 28615 0
28699 29042 29605 29948 0
21898 24511 27174 29787 0
6579 13156 23262 29839 0
17559 23213 24108 29762 0
11716 18874 22192 29350 0
24991 25755 26998 27762 0
26717 27740 28966 29989 0
26725 26746 26762 26783 525
16515 19575 23863 26923 0
5087 13787 15073 23773 0
2136 7161 22417 27442 0
19175 19384 29605 29814 0
15591 19639 20469 24517 0
29470 29515 29757 29802 9
14786 17501 24589 27304 0
20010 20458 27172 27620 0
9054 11498 25843 28287 0
19116 20484 28604 29972 0
21033 21412 29585 29964 0
12158 18394 23566 29802 0
19052 19238 29771 29957 0
9736 15230 24308 29802 0
718 3922 10666 13870 0
22657 24437 26323 28103 0
13481 15220 28215 29954 0
934 8483 16044 23593 0
29403 29407 29543 29547 134
335 3990 25477 29132 0
20402 20685 29670 29953 0
12760 15583 27027 29850 0
13641 19027 23811 29197 0
10282 13978 23832 27528 0
7117 10831 24095 27809 0
21540 23979 25401 27840 0
21723 21811 29894 29982 0
15143 16281 27229 28367 0
17777 18736 18754 19713 0
8678 9482 9685 10489 0
13485 15819 26656 28990 0
376 2429 27698 29751 0
13947 16776 18699 21528 0
18204 19297 19762 20855 0
12404 13550 16203 17349 0
7666 13159 23011 28504 0
5828 6991 11838 13001 0
20133 23674 24930 28471 0
17007 19313 26705 29011 0
20990 21495 24712 25217 0
23496 23649 24431 24584 37
6725 9189 10296 12760 0
14777 18128 25139 28490 0
15033 17511 26766 29244 0
24382 24422 24455 24495 165
15712 21045 22149 27482 0
19740 19796 19940 19996 16
28710 28775 28810 28875 51
546 3617 7750 10821 0
23537 23952 29585 30000 0
12324 17663 21680 27019 0
23550 23563 23839 23852 851
17141 21723 23104 27686 0
17617 18420 18463 19266 0
1618 5832 8014 12228 0
13078 15373 26818 29113 0
23333 25029 27005 28701 0
24713 24751 29833 29871 0
20417 20822 29555 29960 0
5524 6776 9372 10624 0
4693 15254 18807 29368 0
11007 11151 11542 11686 2
18207 18800 18951 19544 0
13637 13889 29743 29995 0
9912 12495 17199 19782 0
5878 8610 19230 21962 0
18585 18613 18638 18666 174
1384 2345 27080 28041 0
1970 6800 8522 13352 0
13692 14993 16652 17953 0
7457 8123 23892 24558 0
25485 26982 27095 28592 0
13757 13880 15271 15394 0
4450 9527 10222 15299 0
29675 29758 29890 29973 0
17664 21437 25265 29038 0
20624 20923 29135 29434 0
19218 19754 29382 29918 0
16159 17961 18982 20784 0
26810 27116 27425 27731 0
3409 7222 16763 20576 0
28319 28325 28326 28332 1518
963 8631 10414 18082 0
7624 7651 7829 7856 265
19376 22591 26348 29563 0
13315 19162 21638 27485 0
13473 14200 14530 15257 0
19630 22655 23885 26910 0
4691 5255 29375 29939 0
17734 20025 27270 29561 0
18713 19922 25052 26261 0
10852 13130 27215 29493 0
28199 28953 29227 29981 0
22892 23333 27038 27479 0
29561 29666 29714 29819 0
19544 20107 23290 23853 0
1702 2320 2323 2941 8
1535 6173 7381 12019 0
2708 3921 6377 7590 0
18076 18152 29914 29990 0
5771 5775 5787 5791 897
10721 18493 19795 27567 0
2808 7954 23196 28342 0
29334 29359 29368 29393 12
28621 28875 28884 29138 50
26180 26457 26582 26859 1
9852 9970 29876 29994 0
16348 20228 20726 24606 0
2396 10638 20770 29012 0
13521 20353 20914 27746 0
2467 10474 20552 28559 0
13941 15042 28193 29294 0
13706 15787 27503 29584 0
17338 20703 25879 29244 0
22886 22887 28010 28011 4812
19911 23732 24620 28441 0
21597 23799 26171 28373 0
19049 21194 27293 29438 0
18366 19112 25000 25746 0
2444 4794 25694 28044 0
178 2839 11893 14554 0
5936 11060 18645 23769 0
5490 7859 9340 11709 0
26680 26694 27473 27487 571
27851 27904 27954 28007 1
7161 10671 12884 16394 0
24611 26260 26492 28141 0
949 5210 13570 17831 0
28382 28434 28441 28493 88
23118 25075 27215 29172 0
3758 4693 14501 15436 0
29813 29872 29896 29955 0
6789 9382 12401 14994 0
3000 4844 25769 27613 0
13895 14340 21527 21972 0
23109 23130 27325 27346 0
878 5436 23387 27945 0
17990 21764 24488 28262 0
26014 26054 26115 26155 443
15925 18938 24107 27120 0
4547 13548 14324 23325 0
10520 13039 25047 27566 0
21073 21412 27175 27514 0
14851 16279 27594 29022 0
1377 4290 25743 28656 0
16324 21908 24303 29887 0
5321 12592 22185 29456 0
1639 7381 8933 14675 0
11511 14675 26766 29930 0
14446 20120 20676 26350 0
17551 19365 26860 28674 0
23477 23487 23508 23518 27
11213 17928 22478 29193 0
20534 20745 29500 29711 0
6639 15018 16013 24392 0
29742 29787 29899 29944 236
23968 24419 27689 28140 0
14665 16476 27206 29017 0
14585 15212 28402 29029 0
6950 13625 13796 20471 0
18798 21751 26882 29835 0
27388 28334 28526 29472 0
8502 9544 22664 23706 0
16245 19428 25598 28781 0
29873 29900 29908 29935 82
28782 28782 29973 29973 11372
25265 25692 26257 26684 0
13553 17839 20342 24628 0
16690 19301 26946 29557 0
1663 8498 12317 19152 0
25458 25462 29952 29956 0
1801 8147 16719 23065 0
1221 1925 27341 28045 0
6862 12738 14841 20717 0
2672 9083 22445 28856 0
6126 9327 18991 22192 0
20710 22550 25583 27423 0
24151 26124 27480 29453 0
212 1342 28417 29547 0
6989 11462 14110 18583 0
28997 29334 29382 29719 0
1517 7164 13260 18907 0
1282 13292 14842 26852 0
3573 11927 14643 22997 0
25241 26079 28526 29364 0
22874 23854 28065 29045 0
5080 6185 9741 10846 0
8724 11714 17656 20646 0
537 3378 10375 13216 0
25914 25922 26336 26344 112
1482 2514 2616 3648 0
20042 20055 21087 21100 258
25227 26903 28132 29808 0
14075 17031 20190 23146 0
22725 23957 28682 29914 0
27971 28426 28536 28991 0
16930 18961 25861 27892 0
23892 24850 29036 29994 0
8969 14248 14693 19972 0
28588 28630 28634 28676 148
2562 6255 25763 29456 0
18716 18758 19692 19734 0
19114 20748 26195 27829 0
29218 29308 29345 29435 14
22202 24331 25995 28124 0
3345 7397 19220 23272 0
27051 27091 29935 29975 0
4196 7744 22514 26062 0
24372 24382 26008 26018 1926
3051 11611 12831 21391 0
24188 25079 28940 29831 0
26376 27197 27200 28021 0
9679 10754 18735 19810 0
25967 26068 29727 29828 0
24861 24862 27586 27587 1455
1086 3153 6244 8311 0
273 1353 22292 23372 0
3928 7617 25233 28922 0
8064 11910 23408 27254 0
1393 13253 14745 26605 0
8699 17233 17778 26312 0
27662 28267 28391 28996 0
4278 9073 24889 29684 0
11639 13162 27392 28915 0
16595 17764 27904 29073 0
6519 17112 19118 29711 0
18516 19883 21913 23280 0
20726 23108 27452 29834 0
12905 14954 19518 21567 0
24915 25416 29444 29945 0
7825 15295 15379 22849 0
8649 10074 28518 29943 0
623 5404 23737 28518 0
26928 27120 27944 28136 0
17766 19513 24501 26248 0
8372 9429 28277 29334 0
13067 17078 24991 29002 0
3926 4189 29614 29877 0
29889 29889 29901 29901 5434
2206 12818 17989 28601 0
18127 18204 19429 19506 5
21474 22689 28311 29526 0
22516 24670 27592 29746 0
3378 10192 22899 29713 0
23526 24380 24618 25472 0
29922 29944 29970 29992 18
25783 26237 26471 26925 1
8689 13418 23337 28066 0
14527 19183 23566 28222 0
12127 16389 18716 22978 0
19681 22224 27147 29690 0
19105 23507 24993 29395 0
17000 18680 27208 28888 0
14329 19778 23202 28651 0
13579 14153 14317 14891 6
21011 21215 21771 21975 2
15585 17346 17956 19717 0
14371 16194 18754 20577 0
4205 13630 16406 25831 0
27047 27165 27241 27359 0
212 3484 3924 7196 0
9415 18322 19244 28151 0
1395 4078 25183 27866 0
9717 14316 18798 23397 0
20011 21276 25431 26696 0
11956 16677 24369 29090 0
4132 11803 21126 28797 0
25052 26442 28077 29467 0
12881 13836 27042 27997 0
24160 24807 29340 29987 0
19972 20264 20450 20742 1
27371 27559 29787 29975 0
1806 3130 21698 23022 0
4166 4699 28524 29057 0
12728 13187 28605 29064 0
13874 18079 25371 29576 0
25501 26519 28050 29068 0
24807 25763 28839 29795 0
7662 11186 25743 29267 0
26604 27842 28560 29798 0
17241 17541 29424 29724 0
20746 21843 28521 29618 0
25986 26567 28846 29427 0
4713 10602 13116 19005 0
23135 24811 28134 29810 0
23872 25200 28503 29831 0
9704 10372 28341 29009 0
22818 23062 23676 23920 0
348 11325 18084 29061 0
6056 13676 19556 27176 0
8110 11334 25920 29144 0
5222 9363 9729 13870 0
25079 26584 27207 28712 0
22760 25902 26513 29655 0
21720 23237 25158 26675 0
566 3954 16995 20383 0
12869 12984 13580 13695 205
1262 11110 16155 26003 0
588 7254 10256 16922 0
21322 22084 26216 26978 0
13001 19550 21013 27562 0
19798 21300 27008 28510 0
18947 21080 21303 23436 0
2621 16201 16393 29973 0
6320 9663 25242 28585 0
5646 15974 16120 26448 0
6815 13679 15107 21971 0
102 2857 23200 25955 0
25708 26180 26395 26867 0
7870 13553 16611 22294 0
