15758 16613 28246 29101 1
6031 14927 17153 26049 1
7389 9130 10233 11974 2
15526 15915 16136 16525 1
1150 3014 5300 7164 2
11788 16648 20480 25340 0
27267 27434 29770 29937 21
25531 25694 29375 29538 24
7279 7785 28672 29178 0
3198 5860 23880 26542 0
24215 26789 27398 29972 3
15653 16495 26283 27125 0
3543 4001 5550 6008 19
15452 16352 28988 29888 0
15491 15677 28910 29096 0
22255 24051 24489 26285 25
3784 9695 17504 23415 0
23779 24184 28455 28860 12
28306 28461 28983 29138 4
18446 18890 19590 20034 6
24716 24888 29179 29351 33
19889 20679 26423 27213 11
20953 22444 23817 25308 4
9045 13524 22303 26782 0
27755 28177 28575 28997 38
23167 23169 29998 30000 2554
1203 1443 2337 2577 98
28367 28563 29136 29332 40
6328 9152 11575 14399 0
7241 7494 20446 20699 7
24386 24519 28538 28671 54
19703 22130 25754 28181 8
19866 20887 21511 22532 0
28796 29005 29233 29442 19
22923 24066 28366 29509 0
12739 17049 24931 29241 0
25071 25877 27077 27883 1
29706 29721 29945 29960 670
12244 15627 24101 27484 0
6290 10136 26072 29918 0
12425 13525 16074 17174 1
21387 21738 22680 23031 7
19424 20477 23181 24234 7
12811 14278 23250 24717 5
5725 6831 26117 27223 3
14413 19371 21820 26778 0
10290 13251 23805 26766 2
6874 7975 26046 27147 0
4418 7603 13140 16325 1
14157 16416 18940 21199 1
4496 7775 13989 17268 0
1711 9065 15720 23074 0
18005 18620 23600 24215 60
21544 23784 26398 28638 0
4378 10394 12658 18674 0
26638 26643 26911 26916 2352
11660 16392 24907 29639 0
29882 29916 29934 29968 1
28708 28858 29798 29948 1
4870 10191 11943 17264 0
18426 21073 21234 23881 0
3457 3588 12359 12490 19
12147 17299 21838 26990 0
1035 3312 12253 14530 0
11261 11372 26898 27009 36
14695 14941 29726 29972 0
25713 26380 27289 27956 59
7320 8828 21983 23491 0
1263 3189 27131 29057 0
17354 17804 21043 21493 6
5723 5934 6773 6984 198
19546 23487 25326 29267 0
11189 14834 17536 21181 0
12090 12811 13541 14262 14
13794 17027 19119 22352 0
25918 26712 26924 27718 0
7400 7990 26121 26711 0
12079 15424 20034 23379 4
13916 17546 23145 26775 0
9673 13251 14359 17937 1
28793 28801 29978 29986 171
7053 7310 17637 17894 24
21494 21938 22150 22594 6
8708 9755 10506 11553 2
15943 16954 28796 29807 1
18238 18429 18827 19018 0
11860 15774 23021 26935 0
1511 2521 6926 7936 3
5410 12545 21539 28674 0
4734 8256 8644 12166 3
3503 4795 22394 23686 0
15030 16460 18366 19796 0
2519 4213 6108 7802 0
26785 27009 28240 28464 9
2413 2422 3008 3017 295
9377 16591 21306 28520 0
24568 24949 28655 29036 13
11540 13741 16848 19049 1
6189 9420 22047 25278 0
12383 14002 26547 28166 0
10340 11652 11665 12977 18
14607 18048 18770 22211 0
19656 23018 23298 26660 0
7717 7972 8041 8296 0
26967 27826 28077 28936 0
13464 14015 25072 25623 0
22686 22970 24705 24989 35
22054 22154 25018 25118 75
4328 6367 15464 17503 0
27342 27677 27906 28241 13
4951 5508 22930 23487 160
4916 10987 22197 28268 0
24036 24307 26611 26882 5
10613 10716 23792 23895 32
11179 14725 16996 20542 0
3872 6470 17170 19768 0
18722 19479 28030 28787 0
27464 27678 28191 28405 12
4470 4479 9881 9890 878
28163 28228 29906 29971 208
27248 27335 28654 28741 35
8423 8438 29427 29442 940
379 4070 11247 14938 0
21596 23376 27886 29666 0
14155 16371 17716 19932 1
2956 7109 24808 28961 0
17550 19345 25173 26968 0
6665 13540 21194 28069 0
4965 6049 8341 9425 0
4616 5029 7078 7491 7
15439 15512 28417 28490 147
16311 16728 28385 28802 0
19097 20467 21233 22603 5
14499 16524 18528 20553 0
18343 20960 24040 26657 0
12012 16170 17996 22154 0
19606 22183 23215 25792 0
18841 21162 25844 28165 0
1981 2277 21547 21843 13
14659 16734 19531 21606 0
5574 6516 7210 8152 15
21936 22580 28971 29615 5
10681 10901 28632 28852 85
29474 29596 29729 29851 0
19979 23621 24105 27747 0
11144 13586 14639 17081 0
25898 26044 26148 26294 190
5488 5543 21290 21345 437
15776 17114 26004 27342 0
6576 7484 23271 24179 0
21833 22900 27843 28910 0
3893 4743 19079 19929 0
14548 17136 22432 25020 0
10187 17225 18992 26030 0
18707 19879 22820 23992 0
14256 16259 17934 19937 0
2300 3116 6467 7283 0
1500 2040 27496 28036 0
21352 22739 28174 29561 0
14248 18403 21369 25524 0
10167 15306 23376 28515 0
1315 2085 28938 29708 0
26833 26933 29804 29904 69
19165 22354 24592 27781 0
16606 18747 25403 27544 0
17672 20815 24845 27988 0
5982 16023 17522 27563 0
8995 13980 24396 29381 0
11325 16950 22270 27895 0
9346 9640 23596 23890 0
28815 28884 29373 29442 34
25944 26037 26341 26434 72
6434 7055 11508 12129 93
1732 2427 4722 5417 14
7626 10137 10299 12810 1
26073 26204 26222 26353 65
26544 26674 29836 29966 19
7040 16252 20615 29827 0
940 5089 6021 10170 0
28115 28435 28713 29033 26
18729 19330 29350 29951 0
5947 15029 16415 25497 0
15208 17868 19615 22275 0
17852 19448 27230 28826 0
24521 26451 27013 28943 0
1443 4916 22214 25687 0
5995 13701 21269 28975 0
14559 15111 15419 15971 1
22902 23961 24704 25763 0
21240 21310 21501 21571 34
16534 16682 28532 28680 0
26795 26956 29636 29797 22
8795 11689 24419 27313 0
12709 17317 20384 24992 0
22357 24265 25172 27080 0
1451 7681 10517 16747 0
29521 29568 29909 29956 1
8637 9340 18787 19490 0
25242 26024 27388 28170 11
7598 8499 8553 9454 14
5746 7677 27420 29351 0
26729 27447 29063 29781 18
19134 20427 21706 22999 1
14305 15082 28893 29670 1
11546 12710 15673 16837 2
18382 19938 25890 27446 2
11879 11978 19464 19563 279
14916 15624 22016 22724 0
13784 17320 21461 24997 0
16386 18543 26080 28237 3
6435 6843 7153 7561 8
18044 18078 19475 19509 967
21808 22728 27253 28173 4
9557 12386 12983 15812 1
21110 21628 29301 29819 0
13234 15491 18423 20680 0
8921 12576 16783 20438 0
17174 18066 19431 20323 0
10519 11096 21764 22341 0
3416 3782 29567 29933 0
3996 4027 11108 11139 113
13903 16454 23909 26460 2
23608 24675 28732 29799 0
15577 18549 21150 24122 0
15025 15310 29523 29808 0
24086 25166 25657 26737 2
3955 5246 5627 6918 0
14739 15243 17275 17779 69
14375 18234 20573 24432 0
13287 16722 17031 20466 0
20246 20279 29871 29904 577
13233 13383 13540 13690 1
10960 12252 12295 13587 3
17401 17735 29542 29876 0
16268 16972 18893 19597 2
25695 25747 25979 26031 38
2583 5058 8823 11298 0
7759 8466 15319 16026 0
26082 26612 26898 27428 3
21252 23110 27520 29378 0
25455 25700 26058 26303 22
27243 27657 28744 29158 0
20781 22885 24269 26373 5
15200 16692 17387 18879 0
12033 14634 24589 27190 2
6636 7410 26571 27345 6
3763 4557 25219 26013 0
29691 29742 29771 29822 0
20523 23473 24305 27255 0
17884 19651 26701 28468 0
8133 10817 14382 17066 0
455 1312 27891 28748 0
27862 28029 28358 28525 39
26911 27230 28116 28435 5
19685 22389 25198 27902 0
19867 20882 27845 28860 0
10984 12939 17060 19015 0
27770 27790 29525 29545 1702
10260 12348 24892 26980 0
12329 13098 27782 28551 20
19608 20243 23092 23727 0
1255 2557 3487 4789 0
25419 25583 27847 28011 6
16678 17139 28128 28589 0
28777 29075 29158 29456 27
22332 23440 28852 29960 0
11704 13086 20449 21831 0
27457 27521 29842 29906 16
17150 17329 27544 27723 84
25829 25932 27908 28011 6
11383 14618 25127 28362 0
10622 10694 10774 10846 84
27428 27655 28456 28683 0
23901 24890 25966 26955 1
5974 11324 13143 18493 0
25658 26696 28871 29909 0
8403 8441 29803 29841 543
6748 8061 26269 27582 0
25959 26062 29509 29612 68
6790 7835 22941 23986 0
13498 16521 23864 26887 0
6640 7934 17313 18607 0
13293 15739 17193 19639 0
22582 24321 25112 26851 1
15707 16760 27819 28872 0
14913 19679 23767 28533 0
6100 13939 21667 29506 0
2659 9013 14070 20424 0
21955 22884 29025 29954 0
4048 7013 22486 25451 0
12225 14448 16523 18746 0
28294 28442 29426 29574 99
16976 17900 29043 29967 0
19210 20284 28454 29528 0
20920 21422 22601 23103 10
12809 13238 19996 20425 1
21823 22954 28249 29380 0
4030 4422 29215 29607 64
26235 26707 26908 27380 9
7065 9197 13872 16004 0
20045 21140 23414 24509 0
14148 16672 25683 28207 0
25311 25366 28684 28739 47
12555 12885 16187 16517 0
20294 22123 28120 29949 0
28265 28295 29199 29229 57
1277 11060 20038 29821 0
3698 8231 22651 27184 0
1224 7549 13466 19791 0
15515 15779 27638 27902 0
14591 14614 26483 26506 42
6574 9178 10217 12821 0
709 759 2131 2181 322
2717 3921 5782 6986 0
5487 7567 13129 15209 5
184 194 28923 28933 59
17422 18780 24108 25466 0
17098 17539 22081 22522 39
25143 26233 26750 27840 0
17312 17700 27728 28116 4
16120 16594 27217 27691 13
14551 15506 27698 28653 0
28946 28955 28976 28985 3722
740 766 16300 16326 110
19159 19885 28772 29498 9
26407 26580 27015 27188 54
26268 26920 28101 28753 0
1869 4779 25830 28740 0
25267 25451 27756 27940 22
28219 28772 28810 29363 9
17401 19493 25548 27640 0
25209 25416 29051 29258 11
21095 21736 29073 29714 3
28219 28354 29323 29458 0
14525 15039 16491 17005 16
733 1761 3168 4196 0
8723 10041 17107 18425 2
28804 29005 29788 29989 0
4481 10204 19801 25524 0
12723 12989 13046 13312 1
5157 13794 16308 24945 0
22606 23514 25942 26850 9
10975 14308 22643 25976 0
18237 18520 21427 21710 24
24341 25961 28285 29905 0
21912 22297 29080 29465 0
15983 17967 18265 20249 0
8697 8789 8824 8916 142
18525 19228 29260 29963 0
28669 28704 29353 29388 8
26858 27363 29353 29858 0
20033 20225 24497 24689 0
15798 15959 17850 18011 32
2747 3786 23054 24093 0
29560 29605 29942 29987 4
16214 17679 21143 22608 14
312 6023 14341 20052 0
20101 22029 26577 28505 0
13181 17356 17800 21975 0
14303 15418 16734 17849 1
10587 10706 27120 27239 0
18362 19169 21587 22394 0
27052 27890 28488 29326 3
974 9586 18928 27540 0
5235 5281 27375 27421 139
16923 17542 18045 18664 15
6550 9993 22962 26405 0
26590 27784 28128 29322 6
26800 26822 26860 26882 195
7184 7874 29188 29878 0
2870 4495 6195 7820 0
24604 26075 28171 29642 0
23401 23678 24868 25145 17
20249 20301 29639 29691 0
11772 12082 29407 29717 0
5331 11558 14112 20339 0
5040 15465 15647 26072 0
10765 14102 25596 28933 0
6605 12254 22473 28122 0
2147 5820 12285 15958 0
20752 22482 27642 29372 0
11455 14918 20400 23863 0
6332 7981 11475 13124 0
11294 16331 19740 24777 0
13134 13521 16003 16390 3
5830 6205 29148 29523 0
12712 13068 26073 26429 0
274 3129 27122 29977 0
3910 8290 18587 22967 0
12856 17876 18987 24007 0
19462 20298 28322 29158 0
10684 11273 15945 16534 9
13311 14246 14734 15669 5
25161 25962 28188 28989 0
2425 5300 22780 25655 0
2280 2928 14648 15296 0
17311 18083 24470 25242 4
27754 27801 29723 29770 286
17203 18720 20418 21935 0
6065 7552 8846 10333 8
11043 11825 12022 12804 31
27000 27227 27638 27865 3
11166 11473 29621 29928 0
11796 15727 23448 27379 0
16220 19236 24867 27883 0
29457 29513 29887 29943 8
12147 12855 14513 15221 23
11632 15355 25930 29653 0
16528 17080 17503 18055 2
26393 26761 27761 28129 0
29379 29574 29578 29773 2
27377 27611 29497 29731 0
20747 21715 25410 26378 15
21204 23186 23405 25387 1
6108 16861 18746 29499 0
28154 28293 28832 28971 22
5014 5306 5560 5852 16
24973 25154 25547 25728 59
12501 13638 15431 16568 0
1859 2443 19895 20479 1
24533 24658 24764 24889 6
12318 18833 18865 25380 0
24534 24561 24725 24752 59
27531 27715 29303 29487 2
5091 12298 18904 26111 0
29380 29442 29893 29955 0
13736 14548 19181 19993 9
16001 16985 25522 26506 4
9537 12303 24569 27335 0
16433 18988 27433 29988 0
24765 24985 29358 29578 2
22745 23269 26294 26818 9
3086 5527 25034 27475 0
27591 28093 29045 29547 2
17582 18612 21939 22969 4
8991 10541 11556 13106 6
10867 15360 21987 26480 0
1661 2638 3506 4483 0
15745 16441 24016 24712 5
10165 12490 24102 26427 0
26806 27705 28468 29367 0
12448 14845 18149 20546 0
9546 11539 22285 24278 0
26383 26513 29861 29991 0
7514 12432 12977 17895 0
16358 19352 24571 27565 0
26614 26761 29480 29627 98
27495 27623 28965 29093 0
2662 10438 18926 26702 0
3589 4792 27142 28345 0
2919 6357 26072 29510 0
6153 7657 27989 29493 0
4659 10443 12483 18267 0
14226 18245 18778 22797 0
10251 14753 18193 22695 0
20423 21898 23550 25025 0
3838 10703 17441 24306 0
29470 29619 29810 29959 0
7364 11306 24696 28638 0
9022 9117 11806 11901 108
17517 17554 19334 19371 119
5878 6107 6620 6849 17
3586 8044 22812 27270 0
479 10157 17376 27054 0
26445 26503 27095 27153 25
5566 8722 23947 27103 0
3676 5765 7417 9506 0
14313 14585 26730 27002 36
15708 17996 24357 26645 0
14108 18906 21113 25911 0
19406 20652 21158 22404 0
14446 15499 28249 29302 0
24403 25180 25767 26544 1
24321 24387 28667 28733 137
14424 15156 21035 21767 4
14856 16365 24227 25736 3
8893 10039 24421 25567 1
26923 27081 29267 29425 16
9809 14182 25257 29630 0
11836 13451 14574 16189 0
28764 28803 28950 28989 64
16494 16908 27125 27539 7
2203 2715 20075 20587 0
11197 12784 16627 18214 7
5622 7367 25462 27207 5
13217 13980 28996 29759 0
27586 27653 29851 29918 1
12378 13731 24971 26324 0
16646 23027 23465 29846 0
26760 26788 28183 28211 86
29854 29880 29903 29929 180
23964 24315 26719 27070 42
24709 24913 25873 26077 4
27193 27429 28675 28911 30
17420 18814 21047 22441 0
5401 7161 8462 10222 1
2944 3579 22960 23595 18
20771 23065 26904 29198 0
4549 4586 8930 8967 14
17232 17269 17453 17490 53
28218 28319 29518 29619 7
24681 25091 28283 28693 0
10147 15913 19297 25063 0
3184 5807 13072 15695 0
11265 16662 22812 28209 0
20891 21013 29603 29725 0
27150 27428 29499 29777 0
10030 11424 27392 28786 0
730 2793 26406 28469 0
24156 25712 26503 28059 0
26874 27059 27681 27866 19
2431 2703 4562 4834 16
3296 5104 7425 9233 7
15183 15939 16071 16827 1
10603 11050 12647 13094 3
2945 7213 9171 13439 0
1466 3072 3083 4689 0
10857 11696 12891 13730 5
6787 8750 8945 10908 6
14959 17481 26039 28561 1
1010 1837 2020 2847 0
25968 25990 28361 28383 31
5780 7660 23196 25076 0
28779 28821 29717 29759 228
6502 7338 20241 21077 3
8651 10416 19943 21708 9
23804 25330 25711 27237 0
1934 3043 7291 8400 0
9352 12683 26020 29351 0
23375 23756 24614 24995 2
7770 11820 11991 16041 0
4993 6599 27542 29148 0
1548 6223 20141 24816 0
7471 9709 22873 25111 0
13947 17362 18698 22113 0
17366 18026 21056 21716 0
3320 3354 29827 29861 80
3852 3867 4967 4982 1857
23345 24155 26029 26839 0
25962 26211 26326 26575 13
234 2851 6819 9436 0
14654 15242 17833 18421 0
16095 19982 24916 28803 0
2816 6907 15112 19203 0
23788 23957 26361 26530 8
12077 16171 25009 29103 0
2777 4892 13304 15419 0
872 1388 18383 18899 0
20368 21179 22069 22880 9
19234 19844 20583 21193 16
10290 16822 18767 25299 0
19978 20398 29563 29983 0
17717 19515 23340 25138 0
18459 18616 18726 18883 365
7909 8597 9217 9905 34
7290 7495 24123 24328 134
15622 16289 26455 27122 0
12805 15947 16757 19899 0
23446 23823 25217 25594 26
8477 8663 27604 27790 1
16219 17077 28796 29654 0
14353 14468 23947 24062 27
22019 23529 25395 26905 10
13951 15399 26332 27780 4
14916 21606 23029 29719 0
347 1954 5859 7466 0
19199 19199 19479 19479 1400
19623 19845 29085 29307 3
4166 4668 14305 14807 7
8110 9751 24458 26099 1
17364 19996 21867 24499 2
18038 19232 26855 28049 1
26988 27069 27077 27158 0
9314 12251 12494 15431 6
24835 25723 26818 27706 0
2159 7000 10409 15250 0
2264 7010 20887 25633 0
29081 29279 29300 29498 0
29503 29600 29713 29810 0
7221 9766 21318 23863 0
6443 15665 15671 24893 0
11642 17307 17997 23662 0
13210 13499 14088 14377 9
11489 13510 15032 17053 0
24770 25760 28183 29173 0
26904 27406 27774 28276 0
24072 24912 27890 28730 0
9170 19361 19723 29914 0
22206 24291 25706 27791 0
14849 16714 23962 25827 0
15658 16967 18396 19705 0
3397 5112 28083 29798 0
13118 13171 13184 13237 1
14820 17717 18822 21719 0
21262 21328 21408 21474 63
11318 12428 13450 14560 3
17867 19113 22792 24038 10
14818 16085 28495 29762 0
19753 22208 23800 26255 1
28580 28955 29227 29602 0
19072 20225 28819 29972 0
12855 17297 19299 23741 0
20067 22741 24817 27491 0
24652 25053 25317 25718 5
14629 18075 23223 26669 0
20699 20753 29909 29963 0
28017 28209 29560 29752 0
11307 15369 25916 29978 0
26826 26893 27083 27150 0
3112 7603 12531 17022 0
13707 14043 23451 23787 19
3800 12515 15262 23977 0
16762 17991 18123 19352 2
24299 24724 27124 27549 12
18030 18871 21958 22799 9
19775 19803 19846 19874 247
2601 2789 28687 28875 0
2668 3296 23301 23929 0
14896 16386 16429 17919 0
2601 11250 17613 26262 0
23157 23982 24976 25801 1
10153 15580 19461 24888 0
4612 12538 17024 24950 0
10725 12556 14023 15854 2
12160 15831 16025 19696 0
3288 4176 4502 5390 0
26212 26419 26515 26722 12
21283 24795 25434 28946 0
1450 4719 24944 28213 0
5263 6353 8053 9143 2
7404 8759 27223 28578 0
26872 27202 29538 29868 0
2597 6412 22739 26554 0
20581 22282 22623 24324 10
7018 7137 13063 13182 308
16007 16515 28892 29400 0
4834 11854 13630 20650 0
27276 28015 28096 28835 0
6391 12317 14479 20405 0
2869 4858 24363 26352 0
27837 28030 29756 29949 0
18129 19600 24022 25493 0
24546 24611 29520 29585 0
28169 28202 28833 28866 207
18712 21869 23823 26980 0
17331 17379 25626 25674 2
2881 12372 17658 27149 0
15383 16050 16196 16863 2
10090 10325 12898 13133 13
2798 12864 18619 28685 0
24745 24914 27192 27361 9
4732 12195 16193 23656 0
521 4031 6003 9513 0
24242 24261 24922 24941 2
10242 10597 16251 16606 0
26855 26992 27199 27336 55
2963 3596 4848 5481 12
11166 11534 12477 12845 29
18883 19385 19619 20121 9
18324 19922 27440 29038 0
17450 17564 18632 18746 3
19089 22410 23605 26926 0
8343 8773 20256 20686 7
2736 11900 16598 25762 0
18615 18902 29407 29694 0
26078 27609 28327 29858 0
2307 6817 7221 11731 0
23266 26053 27198 29985 0
13664 17219 24431 27986 0
19289 23500 23948 28159 0
83 9535 20513 29965 0
10154 16911 18152 24909 0
23518 24028 24056 24566 3
12397 18180 21355 27138 0
22565 22565 22790 22790 213
2462 4754 11681 13973 0
6374 8930 17358 19914 0
5237 7423 13118 15304 1
8304 13280 24214 29190 0
23188 23255 23286 23353 55
13949 14994 20338 21383 11
28815 28839 28912 28936 293
15868 16962 28262 29356 0
28231 28629 28649 29047 0
1151 2945 27148 28942 0
5206 6441 17810 19045 1
9160 9343 29193 29376 52
29984 29984 29991 29991 1914
23236 23557 29187 29508 0
8487 10253 26122 27888 0
22973 23063 24277 24367 140
23208 23670 28973 29435 0
6764 10080 19395 22711 0
21879 22100 22558 22779 18
3635 6472 11268 14105 0
17381 17722 18087 18428 81
13376 18024 19652 24300 0
26192 26919 27119 27846 2
17189 17706 17928 18445 0
28170 28799 28999 29628 0
24622 24823 29164 29365 30
14800 15927 27005 28132 0
5714 6172 25118 25576 0
14262 14604 17501 17843 10
23076 24410 24883 26217 0
1553 3024 15757 17228 0
2184 12397 17217 27430 0
2831 6212 7722 11103 0
353 5413 22809 27869 0
7361 7797 29147 29583 0
10303 16027 16951 22675 0
22929 23915 27683 28669 0
2890 5776 26501 29387 0
12195 18195 22120 28120 0
11630 12126 13325 13821 23
23621 23879 25610 25868 29
26171 26203 29863 29895 56
29385 29420 29658 29693 158
26815 28084 28714 29983 0
20334 20469 20482 20617 20
2268 6712 7735 12179 0
24669 25869 28389 29589 0
7332 7604 29466 29738 0
17575 21003 22161 25589 0
22624 23188 25884 26448 1
9510 12168 12350 15008 0
9490 9845 10059 10414 3
21493 24001 26890 29398 0
23876 25484 28004 29612 0
17103 17926 18293 19116 0
22643 22710 23167 23234 80
25104 25848 28974 29718 0
4310 4358 4947 4995 7
2746 9226 18012 24492 0
18584 20395 21152 22963 0
15361 18106 18488 21233 0
24261 24600 29307 29646 0
6705 15273 16462 25030 0
24408 24579 29745 29916 0
1501 4477 8486 11462 0
6826 13204 13558 19936 0
20833 20941 21923 22031 4
18626 18830 25009 25213 3
7098 7298 28606 28806 3
23381 23769 26058 26446 0
17474 19744 26325 28595 0
939 6672 21179 26912 0
2754 2786 22702 22734 0
23522 24097 25509 26084 14
28200 28572 29071 29443 2
21807 21963 22734 22890 85
27929 28067 28074 28212 30
12559 15136 16886 19463 6
29497 29504 29858 29865 38
26235 26292 28483 28540 139
7198 10030 26408 29240 0
4181 7637 24985 28441 0
8244 12794 20791 25341 0
23329 26117 26937 29725 0
4257 5924 28053 29720 0
21965 22732 27027 27794 0
8332 10509 11094 13271 8
12719 13645 18177 19103 0
27950 28071 28740 28861 21
22881 24211 28159 29489 0
29143 29337 29501 29695 0
9001 14020 20484 25503 0
14992 18110 22378 25496 0
28683 28891 29304 29512 1
5299 5496 5985 6182 79
22497 24583 25992 28078 0
16747 18332 20238 21823 1
28954 28974 29630 29650 0
26603 26748 27420 27565 196
17702 17999 28175 28472 75
27455 27602 29373 29520 0
12123 12247 29789 29913 0
24802 24805 24850 24853 4272
5542 10439 14272 19169 0
19728 22661 25852 28785 0
13434 13640 16395 16601 12
6595 9097 19992 22494 0
28392 28704 29513 29825 0
20645 21363 27404 28122 4
17428 19346 20575 22493 0
6934 7227 29531 29824 0
17345 17373 17420 17448 3
17160 18352 22188 23380 1
19206 20008 26543 27345 0
16805 16806 29980 29981 1012
9316 9709 9959 10352 3
20629 21268 23010 23649 17
2519 9487 15450 22418 0
27360 27743 28299 28682 0
16639 16781 16828 16970 144
10946 13491 21098 23643 1
23943 24523 25491 26071 17
19617 19953 27911 28247 7
21195 21355 21515 21675 15
14667 15665 17027 18025 0
28034 28051 28162 28179 659
5950 10951 23019 28020 0
10548 13792 25037 28281 0
3767 6531 26336 29100 0
9203 10194 11447 12438 3
21014 21643 29097 29726 0
6866 6980 12276 12390 6
14693 15909 24252 25468 0
15938 16634 17703 18399 0
2651 3231 23616 24196 0
14900 16550 19027 20677 0
23423 25616 26791 28984 0
13249 17457 18550 22758 0
27023 27601 29035 29613 0
20635 22791 23341 25497 0
2882 5737 12140 14995 0
19391 21986 26619 29214 0
788 793 29954 29959 1070
7433 12449 20241 25257 0
8921 8991 29861 29931 4
4594 5247 28570 29223 0
20997 22194 23601 24798 8
2952 6304 16769 20121 0
29188 29204 29723 29739 8
10168 13425 21552 24809 0
5959 9755 10904 14700 0
18380 20935 22139 24694 0
18357 18660 19854 20157 2
7366 8328 25960 26922 0
20313 20584 20736 21007 38
29982 29986 29995 29999 540
17287 21468 24616 28797 0
9609 17331 19664 27386 0
1267 2616 25403 26752 0
2922 5888 23420 26386 0
13626 16097 27459 29930 0
6966 7147 19670 19851 13
20376 20478 29734 29836 0
9355 9488 17072 17205 121
27960 28075 29576 29691 0
28825 28835 28886 28896 27
21844 21909 24411 24476 64
17091 17907 29035 29851 0
8015 10657 12463 15105 0
4426 4845 22219 22638 0
22700 22875 29723 29898 0
11017 18149 19200 26332 0
14471 17936 24064 27529 0
13887 15376 17823 19312 0
6789 10222 14634 18067 0
18483 19528 19965 21010 5
10681 16731 19356 25406 0
9195 13118 24935 28858 0
9589 11347 24210 25968 0
26766 27406 27732 28372 7
10500 12576 14023 16099 0
9211 12223 22508 25520 0
24446 24933 28728 29215 0
14867 17591 26886 29610 0
11971 13905 14012 15946 7
2689 5026 19082 21419 0
10533 18968 21252 29687 0
12288 12675 27959 28346 9
28829 29057 29728 29956 0
12247 13401 28314 29468 0
23458 23937 29001 29480 0
15903 16110 20875 21082 0
19532 24448 24754 29670 0
5600 6239 27453 28092 6
12945 15347 15777 18179 1
1871 11358 15043 24530 0
27640 28320 29150 29830 0
12743 14396 24110 25763 0
27084 27118 28299 28333 173
17213 22470 23728 28985 0
4007 5007 6894 7894 1
21322 21394 21818 21890 317
14714 16189 22471 23946 1
21206 22947 23669 25410 0
26888 27738 28285 29135 0
3355 8670 15159 20474 0
26511 27006 27492 27987 5
19440 20590 22354 23504 1
4677 5611 7851 8785 3
8975 11640 12194 14859 0
3888 6485 22005 24602 0
15327 17540 27541 29754 0
8592 9814 12214 13436 0
1037 12878 12998 24839 0
19297 19501 28963 29167 0
2090 8825 19512 26247 0
8861 11846 20250 23235 0
10749 14179 25694 29124 0
7883 10664 22143 24924 0
27938 28720 29086 29868 0
1883 4296 17279 19692 0
12651 16953 21840 26142 0
26741 27012 28863 29134 0
20090 20576 29378 29864 0
29173 29492 29537 29856 0
19520 22602 23762 26844 0
8928 13819 21237 26128 0
26172 26954 27391 28173 1
26756 27962 28071 29277 0
29339 29404 29491 29556 0
27320 27428 29266 29374 8
11537 12551 26735 27749 1
1057 11876 13518 24337 0
12667 13744 23818 24895 0
28323 28366 29006 29049 0
27468 27991 28233 28756 0
22005 22125 22309 22429 19
7172 9367 10565 12760 1
17070 21001 21151 25082 1
26350 26539 26843 27032 94
14901 15637 18849 19585 5
19501 20845 27704 29048 0
18826 19956 26190 27320 4
17542 18733 26772 27963 0
6645 6978 27528 27861 0
9999 10653 14189 14843 1
27611 28533 29029 29951 0
15736 16638 26917 27819 0
7948 9138 9175 10365 11
24458 25308 25527 26377 2
11773 11899 29717 29843 0
20899 21147 21751 21999 5
19898 20559 20833 21494 15
28059 28415 28876 29232 0
24816 26080 26266 27530 3
7048 14871 18962 26785 0
13673 13782 28287 28396 31
14671 16968 23718 26015 0
14785 19656 23173 28044 0
18045 20425 22693 25073 0
10718 11477 24755 25514 0
7722 9792 10438 12508 1
19400 20133 22688 23421 0
10476 10912 27556 27992 0
11910 14324 23454 25868 0
17384 17661 27300 27577 6
6308 10236 23865 27793 0
25227 26603 28419 29795 0
26606 26990 29287 29671 0
8020 8433 26484 26897 169
10451 15577 16058 21184 0
2206 8950 20683 27427 0
14090 14931 22849 23690 0
27181 27696 27781 28296 0
12160 13188 14715 15743 5
2180 4560 26211 28591 0
29487 29516 29528 29557 0
10415 12786 22526 24897 1
26744 26810 27218 27284 172
24119 24373 28588 28842 8
9355 10206 18196 19047 13
6407 7892 22963 24448 0
1163 1356 1358 1551 27
19817 22446 27159 29788 0
8871 12395 12463 15987 0
5877 6934 26224 27281 0
25727 27433 27935 29641 0
9220 11040 17917 19737 0
19975 20551 29383 29959 0
16317 16809 28095 28587 0
2937 7739 8354 13156 0
24467 24493 29957 29983 41
14888 15306 20405 20823 25
24375 25257 25857 26739 4
25977 25984 28487 28494 395
29282 29460 29499 29677 0
4442 5460 5861 6879 0
27980 28043 28049 28112 33
23173 25200 26665 28692 0
19800 20637 21179 22016 1
29378 29438 29548 29608 0
16779 18126 23935 25282 0
15755 15908 29810 29963 0
27340 28368 28734 29762 0
18741 21092 25858 28209 0
19523 19942 20213 20632 2
4162 6455 7180 9473 1
15743 16680 27394 28331 0
4523 13345 17551 26373 0
24089 24108 24839 24858 3
7982 15458 18051 25527 0
23472 23991 24406 24925 17
27812 28052 28782 29022 22
28447 28860 28871 29284 0
11831 12137 12959 13265 4
18839 19044 25254 25459 0
6246 7867 25892 27513 0
689 777 10481 10569 3
29078 29218 29227 29367 0
21725 22216 22369 22860 0
22533 23104 29096 29667 0
22876 24553 28189 29866 0
25398 26708 28287 29597 0
10417 11990 17109 18682 0
8646 9012 28516 28882 0
