5695 6358 6404 7067 27
964 6345 19936 25317 0
23714 25891 25963 28140 0
8574 12487 17128 21041 0
74 3703 25821 29450 0
6804 8081 11125 12402 0
9571 9621 9653 9703 33
90 10380 18204 28494 0
2843 4736 25927 27820 0
14255 14439 14600 14784 77
27763 27764 29996 29997 4289
1173 5315 15030 19172 0
26705 26750 26830 26875 312
16216 17652 18786 20222 0
16281 20574 23314 27607 0
2873 6406 9390 12923 0
20419 20787 27801 28169 0
9322 13336 13670 17684 0
3271 5434 9231 11394 0
26891 27633 27688 28430 0
29205 29232 29276 29303 207
591 7199 13372 19980 0
29403 29413 29916 29926 12
18099 18099 18100 18100 2663
29829 29884 29928 29983 98
15881 17180 17334 18633 0
29389 29542 29569 29722 15
831 1037 29407 29613 0
23579 25396 25571 27388 0
875 3402 8514 11041 0
13386 16254 20467 23335 0
20557 20741 20979 21163 4
913 922 1065 1074 2477
20051 21733 27766 29448 0
405 4031 5328 8954 0
28 135 174 281 25
2517 5309 26757 29549 0
10780 11103 11475 11798 9
1243 2657 4089 5503 0
16081 19463 20683 24065 0
2270 9751 15214 22695 0
29311 29343 29351 29383 287
29711 29729 29880 29898 428
15164 15573 28114 28523 0
2688 9494 13911 20717 0
29654 29661 29716 29723 1731
855 8517 20946 28608 0
3182 6609 21958 25385 0
3003 12479 17809 27285 0
9686 15719 17944 23977 0
3941 6270 9028 11357 0
3140 9387 10703 16950 0
2380 6254 15382 19256 0
7705 8165 29515 29975 0
14085 17064 17787 20766 0
2880 4859 27804 29783 0
27422 27670 28961 29209 0
468 2809 7032 9373 0
9255 9336 9507 9588 125
8664 13947 16197 21480 0
17512 19224 20147 21859 0
6641 6744 6794 6897 23
8569 14444 16363 22238 0
24839 26161 28114 29436 0
377 7209 19660 26492 0
16601 16604 16621 16624 3663
5469 6514 28542 29587 0
156 10013 18985 28842 0
14238 15977 16547 18286 0
29033 29069 29134 29170 376
3105 7705 11699 16299 0
2280 3341 23344 24405 0
14309 19864 21277 26832 0
14628 17531 22108 25011 0
29487 29496 29982 29991 165
471 1164 2765 3458 0
1531 7140 20696 26305 0
4002 8700 23285 27983 0
13653 17739 24965 29051 0
12701 17893 19605 24797 0
25612 25618 28924 28930 901
29168 29196 29514 29542 140
15881 18409 26431 28959 0
8160 14642 19725 26207 0
7733 15158 18574 25999 0
1575 9153 11433 19011 0
2768 13054 13703 23989 0
10272 16159 18978 24865 0
16259 16663 27929 28333 0
16727 16902 16942 17117 117
5269 5344 5448 5523 16
4992 7167 22886 25061 0
3468 9520 17285 23337 0
14156 14336 14448 14628 37
13781 17230 20125 23574 0
4041 4993 28863 29815 0
29943 29949 29952 29958 270
12038 12717 23389 24068 0
3349 5693 13679 16023 0
4321 10029 18659 24367 0
29328 29338 29985 29995 379
15758 16211 21401 21854 0
29526 29541 29940 29955 141
29915 29918 29973 29976 7895
15990 16294 17795 18099 0
83 10403 13433 23753 0
6419 14182 22070 29833 0
15165 20557 23730 29122 0
9356 11144 20042 21830 0
13782 16215 27442 29875 0
4378 4600 5985 6207 0
28862 29288 29437 29863 0
17722 19231 19987 21496 0
8235 14174 15942 21881 0
29353 29353 29455 29455 5984
2467 3369 14651 15553 0
28860 28945 28958 29043 21
18084 20040 20236 22192 0
17555 19358 20108 21911 0
176 3335 7295 10454 0
22284 25620 26081 29417 0
4472 5287 24801 25616 0
2383 3785 9966 11368 0
24398 25487 28566 29655 0
29660 29713 29942 29995 47
9414 9521 9542 9649 15
11524 12191 27662 28329 0
14490 16200 17723 19433 0
28202 28398 28426 28622 60
18375 18758 21789 22172 0
4139 5163 21699 22723 0
17624 20986 25843 29205 0
27856 27926 28572 28642 29
15948 16317 18700 19069 0
11128 11159 11681 11712 91
8273 9504 10821 12052 0
29046 29198 29245 29397 49
11180 16479 22818 28117 0
21855 23150 24477 25772 0
900 6873 8615 14588 0
14958 14962 15014 15018 1372
5867 8637 17007 19777 0
19395 20050 22131 22786 0
3218 6721 12913 16416 0
15712 15712 29964 29964 178
22998 23020 23120 23142 25
3155 4803 28005 29653 0
15685 19167 24596 28078 0
27027 27087 27949 28009 2
3259 4440 27862 29043 0
5994 11100 13208 18314 0
19549 24575 24911 29937 0
10412 13157 18122 20867 0
24940 25234 27111 27405 0
921 4670 14917 18666 0
24674 25535 25619 26480 0
21664 25545 26083 29964 0
11623 16311 22676 27364 0
6004 6235 6736 6967 32
12910 19733 22271 29094 0
177 1089 25944 26856 0
22190 22559 22631 23000 50
239 1158 28962 29881 0
3854 12776 15557 24479 0
26092 26486 29357 29751 0
6220 8518 15497 17795 0
685 3932 8925 12172 0
1563 6241 19233 23911 0
26695 26707 27367 27379 1428
19762 20318 20385 20941 24
16112 16173 16641 16702 113
15477 17251 26363 28137 0
7935 7962 10795 10822 0
24272 24315 24318 24361 170
19782 21598 27664 29480 0
21924 24086 25058 27220 0
10207 10365 10512 10670 79
12067 16449 21877 26259 0
10318 17043 17338 24063 0
16074 16078 16811 16815 1597
29654 29672 29733 29751 141
26203 26211 29960 29968 81
13438 13943 14152 14657 20
1709 2965 15581 16837 0
29387 29419 29443 29475 23
15827 21657 22251 28081 0
3786 9658 20541 26413 0
10105 14759 18398 23052 0
18540 21312 24045 26817 0
16391 17488 18830 19927 0
28732 28827 29289 29384 30
5811 6089 6578 6856 0
11180 12828 16913 18561 0
25091 27202 27613 29724 0
27258 28107 28404 29253 0
4358 7126 25252 28020 0
29477 29620 29754 29897 9
19957 20244 24961 25248 0
2799 8163 15288 20652 0
11387 20364 20621 29598 0
29667 29684 29842 29859 1092
9411 11670 26505 28764 0
1123 1989 12355 13221 0
13427 13434 13478 13485 668
28519 28526 29978 29985 537
11289 17828 19375 25914 0
17435 19615 22538 24718 0
29264 29265 29996 29997 67
7247 11333 16303 20389 0
1406 9411 18507 26512 0
29135 29279 29323 29467 0
7142 17851 18788 29497 0
17503 19742 27708 29947 0
23940 26418 26555 29033 0
19005 19154 20746 20895 0
29534 29604 29802 29872 269
10411 12781 26870 29240 0
5323 11136 15305 21118 0
19837 20690 24456 25309 0
18305 21816 23518 27029 0
1305 4193 6639 9527 0
15155 16464 28486 29795 0
12637 12885 18095 18343 0
15631 16906 28663 29938 0
13652 13794 13837 13979 4
903 6338 17271 22706 0
3559 11958 12281 20680 0
818 6899 21096 27177 0
9933 10107 29316 29490 0
518 1703 24158 25343 0
20841 24719 26079 29957 0
29371 29525 29735 29889 0
801 10515 16441 26155 0
8282 11730 11758 15206 0
2842 7977 21306 26441 0
23363 25156 25330 27123 0
1594 7601 22250 28257 0
19102 20966 23007 24871 0
3787 5899 9879 11991 0
10341 11249 11269 12177 9
16490 18502 27358 29370 0
3766 10043 10876 17153 0
644 2889 22487 24732 0
23404 23828 29422 29846 0
28243 28743 28962 29462 0
25577 25604 29366 29393 6
29257 29338 29405 29486 47
3045 7906 19445 24306 0
26080 27749 27896 29565 0
26037 26283 26632 26878 10
12216 14459 25322 27565 0
14095 20104 23875 29884 0
18000 19219 28552 29771 0
27248 27306 27460 27518 58
14666 15876 28698 29908 0
29880 29901 29909 29930 1189
24835 25293 29489 29947 0
6978 12131 19493 24646 0
19077 20596 26075 27594 0
22718 25052 26262 28596 0
19082 20439 27651 29008 0
29507 29522 29909 29924 18
15232 16634 16697 18099 0
10961 11330 11347 11716 3
27930 28224 29126 29420 0
28492 28525 28695 28728 614
2512 3117 29046 29651 0
648 676 684 712 960
15470 16575 23678 24783 0
14179 14304 14596 14721 32
12090 15650 19927 23487 0
14172 20609 22673 29110 0
1518 5204 6515 10201 0
19210 21709 26874 29373 0
29986 29987 29993 29994 3107
3251 5313 9431 11493 0
21597 21604 21615 21622 318
20314 21794 26648 28128 0
29955 29970 29984 29999 12
7279 7977 8101 8799 0
26670 27636 28623 29589 0
2974 7579 10985 15590 0
15691 20528 21893 26730 0
4018 9366 20250 25598 0
14161 15923 18570 20332 0
19009 19175 29310 29476 0
19891 21172 26899 28180 0
29781 29799 29944 29962 223
11345 12440 28853 29948 0
17096 17852 29021 29777 0
15302 19738 21398 25834 0
3133 14390 16901 28158 0
5 14 38 47 134
19251 21546 23241 25536 0
23028 24675 27587 29234 0
19927 20260 27893 28226 0
3050 6561 19322 22833 0
9030 9487 11151 11608 0
1502 3805 14145 16448 0
5311 15982 16809 27480 0
16052 17956 27775 29679 0
5390 10177 24585 29372 0
3391 9134 12253 17996 0
2219 4302 4694 6777 0
6826 16217 20170 29561 0
27992 28005 28047 28060 105
11035 16108 20313 25386 0
6920 14354 19732 27166 0
28474 28605 28644 28775 261
13377 14121 28792 29536 0
15781 20037 23181 27437 0
3729 10765 20048 27084 0
2581 5846 7372 10637 0
16101 16174 17169 17242 752
26705 27432 28702 29429 0
6300 11280 14900 19880 0
21964 25289 26054 29379 0
15391 15671 18893 19173 0
14774 17741 19226 22193 0
23831 25392 27111 28672 0
977 1366 27067 27456 0
5058 12586 16209 23737 0
13708 16346 24030 26668 0
29546 29680 29771 29905 15
831 10641 16774 26584 0
24897 24933 26024 26060 26
25322 26388 27762 28828 0
17482 17703 18157 18378 32
20486 21983 26796 28293 0
433 1854 9082 10503 0
603 5323 7985 12705 0
6753 7938 12171 13356 0
16347 19636 21319 24608 0
3791 12292 20573 29074 0
4320 5058 13709 14447 0
128 8453 15187 23512 0
9081 9586 27764 28269 0
27903 28600 28662 29359 0
448 4157 22757 26466 0
28265 28592 29626 29953 0
8532 10326 27828 29622 0
18587 22108 22968 26489 0
24749 24784 26008 26043 21
27316 27330 29943 29957 36
2703 5661 6297 9255 0
10399 19049 20110 28760 0
26110 27393 28474 29757 0
10510 13716 24018 27224 0
13837 15671 16325 18159 0
6032 14631 20803 29402 0
13616 18271 22551 27206 0
13951 17230 21536 24815 0
13145 13852 27065 27772 0
2482 3990 27827 29335 0
2017 9562 20425 27970 0
1598 2500 3405 4307 0
2709 9640 10661 17592 0
15289 18177 19261 22149 0
5309 8231 22471 25393 0
8428 9062 29048 29682 0
16863 19856 23061 26054 0
17083 17293 29702 29912 0
13337 19183 22656 28502 0
13889 16405 18994 21510 0
5934 7338 28465 29869 0
13918 17392 23765 27239 0
27372 27762 28051 28441 0
570 2672 25800 27902 0
2840 2846 2925 2931 1029
14585 19837 20102 25354 0
25823 26028 26164 26369 35
1964 8330 8687 15053 0
4684 5204 19233 19753 0
27690 28626 28855 29791 0
26029 26132 27862 27965 0
17675 18394 18634 19353 2
4764 12962 15191 23389 0
17980 19297 28624 29941 0
23151 23934 28919 29702 0
688 1482 8444 9238 0
13253 15459 17856 20062 0
3666 4539 18662 19535 0
29541 29594 29798 29851 0
18597 19297 24996 25696 0
28174 28395 29646 29867 0
24729 24993 25158 25422 1
13488 20312 20787 27611 0
10194 13224 17053 20083 0
988 3539 6950 9501 0
27856 27892 28513 28549 1423
19976 23553 23562 27139 0
28668 28891 28915 29138 18
27229 27371 28340 28482 3
29592 29697 29817 29922 2
2800 4935 12326 14461 0
18724 18753 29771 29800 0
22887 23185 29682 29980 0
792 1523 9289 10020 0
16500 18891 27422 29813 0
29518 29519 29520 29521 1446
29549 29689 29814 29954 2
18052 20537 21126 23611 0
14934 15716 19191 19973 0
18850 21532 27064 29746 0
4002 9441 14093 19532 0
2675 4994 5708 8027 0
4497 5413 8895 9811 0
27419 27543 27557 27681 167
13885 16850 17280 20245 0
24035 25613 26399 27977 0
3331 10048 10099 16816 0
17172 19192 25032 27052 0
17535 18140 18527 19132 2
19571 22436 26727 29592 0
770 2870 12656 14756 0
7193 8086 28684 29577 0
10889 13475 27177 29763 0
21223 21255 29963 29995 0
11030 12566 19267 20803 0
2969 6252 15755 19038 0
20732 21475 29003 29746 0
7241 13243 14083 20085 0
1518 11224 16259 25965 0
28497 28533 29904 29940 14
759 9842 11043 20126 0
505 3021 27311 29827 0
11416 16057 21632 26273 0
21102 21589 29446 29933 0
15310 16981 21901 23572 0
16592 17520 18486 19414 0
9373 11021 26640 28288 0
24756 25729 28070 29043 0
15175 19860 24359 29044 0
20011 20075 29653 29717 0
14866 20899 21724 27757 0
4485 4989 25305 25809 0
29546 29582 29692 29728 53
11722 11863 12473 12614 171
25994 26043 26642 26691 107
29236 29288 29367 29419 26
7295 8340 28821 29866 0
29546 29622 29868 29944 1
4933 5553 28830 29450 0
8407 9170 29215 29978 0
6657 7734 27455 28532 0
3384 7513 12134 16263 0
3891 11901 12886 20896 0
2204 5125 12226 15147 0
145 9932 10006 19793 0
9766 15425 15878 21537 0
173 11997 14602 26426 0
2753 4367 28080 29694 0
14132 15807 19205 20880 0
9902 17401 22478 29977 0
25777 26779 27554 28556 0
174 8505 11283 19614 0
2859 6188 6239 9568 0
23067 23988 28676 29597 0
3958 4638 24510 25190 0
14183 17291 18158 21266 0
19557 23380 25022 28845 0
894 2808 27191 29105 0
14730 16626 18069 19965 0
21157 21178 21395 21416 282
4433 6501 26507 28575 0
4383 5512 27992 29121 0
4784 11269 13497 19982 0
2527 4260 19880 21613 0
1897 5245 24224 27572 0
17037 18568 18829 20360 0
29972 29973 29990 29991 1602
14220 14287 14543 14610 10
14334 15988 22009 23663 0
12431 14754 27388 29711 0
24173 25446 28598 29871 0
11084 18041 18136 25093 0
20388 20389 29953 29954 3645
4815 15108 16375 26668 0
23348 23365 23368 23385 1137
7336 8041 12312 13017 0
6240 14141 17729 25630 0
10739 15219 25385 29865 0
9138 13062 20766 24690 0
4355 7263 26058 28966 0
18806 20155 20441 21790 0
12557 17999 19293 24735 0
12204 16187 17288 21271 0
18542 20718 21232 23408 0
1229 9722 14894 23387 0
6937 15067 18229 26359 0
17039 18657 27826 29444 0
9077 10651 28089 29663 0
9442 10573 27502 28633 0
23105 23149 29953 29997 0
13114 20367 22664 29917 0
9186 10215 22926 23955 0
22654 24712 27238 29296 0
4871 5044 29814 29987 0
8380 12278 17164 21062 0
11142 14852 17715 21425 0
29166 29190 29931 29955 18
5470 7581 27145 29256 0
29849 29863 29985 29999 5
28813 28937 29182 29306 38
29404 29599 29681 29876 0
25309 26198 27910 28799 0
5388 6173 6457 7242 4
10966 11049 11635 11718 5
26173 27021 28644 29492 0
20694 23158 26984 29448 0
7459 7911 8057 8509 0
14325 15101 28941 29717 0
7011 9128 16029 18146 0
22370 22478 29869 29977 0
24532 24618 29875 29961 0
3354 7138 15940 19724 0
10951 14775 20017 23841 0
4903 5335 6707 7139 81
23922 23925 24131 24134 823
9548 12247 18742 21441 0
4482 6020 15452 16990 0
12370 18639 19139 25408 0
5621 6573 27664 28616 0
26946 26993 27330 27377 32
27611 27865 29226 29480 0
4484 7588 10796 13900 0
22539 25713 26672 29846 0
19823 21412 26769 28358 0
27825 28404 29296 29875 0
26335 27447 28633 29745 0
3872 10461 21653 28242 0
4458 12105 12243 19890 0
28932 28994 29873 29935 0
10289 14645 14905 19261 0
20961 21168 29162 29369 0
1315 2466 28361 29512 0
3597 15030 17180 28613 0
18130 19449 22770 24089 0
9659 9967 14061 14369 0
21109 23414 23682 25987 0
20128 20276 20510 20658 5
25903 26140 29303 29540 0
5629 7308 11536 13215 0
11784 14849 25597 28662 0
2213 5995 25992 29774 0
3399 13231 15625 25457 0
28492 28513 29743 29764 644
11096 16904 18818 24626 0
29461 29568 29862 29969 0
12890 18784 21728 27622 0
27565 27633 28422 28490 65
29722 29724 29725 29727 1885
4596 5535 5830 6769 0
18039 18159 29715 29835 0
22520 22581 22901 22962 64
12849 13822 18854 19827 0
5507 11658 23547 29698 0
1405 5947 22363 26905 0
14010 14420 29338 29748 0
19426 20406 24745 25725 0
3281 4798 24916 26433 0
15580 17348 26989 28757 0
19974 20165 20287 20478 2
29543 29620 29622 29699 0
16229 20138 20164 24073 0
400 4319 16200 20119 0
23581 24988 28580 29987 0
17242 20900 23472 27130 0
784 4173 19770 23159 0
18874 21211 22360 24697 0
18182 20800 26750 29368 0
26351 26814 28948 29411 0
14980 16017 28867 29904 0
25823 26281 28995 29453 0
29767 29770 29778 29781 6296
19842 22061 23987 26206 0
3005 4245 28682 29922 0
17442 18372 18668 19598 0
17 7336 8092 15411 0
29813 29841 29926 29954 69
7349 10870 16521 20042 0
4414 5978 27427 28991 0
3209 6632 18975 22398 0
9630 17206 17641 25217 0
22700 23653 28703 29656 0
12279 18241 19476 25438 0
26673 26744 29921 29992 0
15729 16714 25022 26007 0
15473 21915 22423 28865 0
16414 20520 24485 28591 0
19583 20842 25875 27134 0
17973 18407 29163 29597 0
24984 25182 25219 25417 0
14328 21459 22520 29651 0
7131 8652 12204 13725 0
4698 8901 16645 20848 0
6940 13174 14138 20372 0
4257 4521 5443 5707 17
19973 21512 25243 26782 0
3483 12395 14869 23781 0
29879 29893 29902 29916 0
12966 21004 21166 29204 0
2788 15076 17399 29687 0
29134 29164 29269 29299 236
29730 29774 29929 29973 0
2344 3443 8349 9448 0
24907 26226 26765 28084 0
354 1814 2744 4204 0
612 951 1179 1518 0
17748 17864 18826 18942 24
17815 21397 22120 25702 0
14217 14501 29650 29934 0
19857 20161 29653 29957 0
22447 24385 26397 28335 0
4888 5219 29644 29975 0
11849 14644 18109 20904 0
9477 15932 16491 22946 0
11541 14743 15983 19185 0
16788 18029 28683 29924 0
29518 29538 29540 29560 36
12331 13657 18105 19431 0
714 5219 6363 10868 0
18236 18914 27700 28378 0
6980 15256 18099 26375 0
7311 7884 29324 29897 0
21430 22356 26938 27864 0
15956 16517 18537 19098 0
4209 5683 23116 24590 0
5184 7514 9578 11908 0
24578 26947 27595 29964 0
880 4343 21174 24637 0
4676 15176 18604 29104 0
9105 12773 17559 21227 0
16759 16801 29897 29939 0
9632 13065 13743 17176 0
24700 25007 29105 29412 0
408 9977 10738 20307 0
27472 27856 29231 29615 0
9565 16196 17927 24558 0
22903 24505 27423 29025 0
19006 21822 22412 25228 0
22778 22837 22890 22949 108
28179 28546 28738 29105 0
17273 17897 29324 29948 0
20008 20053 20911 20956 0
18393 22254 23043 26904 0
27789 27888 27891 27990 2
6713 9015 10390 12692 0
11857 12936 28564 29643 0
10443 16742 16965 23264 0
21554 22551 27167 28164 0
6376 8601 24263 26488 0
690 5831 20517 25658 0
5381 14882 19537 29038 0
5616 6253 6272 6909 1
19526 22816 26142 29432 0
13028 18594 24056 29622 0
13329 15965 17160 19796 0
12081 15473 18866 22258 0
21004 22069 27609 28674 0
23413 26187 26553 29327 0
27044 27236 27499 27691 4
15530 18227 26463 29160 0
17753 22010 23047 27304 0
14382 15042 26042 26702 0
15046 20488 23619 29061 0
23294 23294 29999 29999 7410
10220 16433 18523 24736 0
43 8058 16306 24321 0
12656 12786 29801 29931 0
9861 17271 22290 29700 0
17415 21989 24414 28988 0
15760 16573 16682 17495 0
3847 7208 8226 11587 0
13720 14644 28091 29015 0
23327 24017 28915 29605 0
25553 25733 26072 26252 118
6968 8629 27294 28955 0
9068 10899 17575 19406 0
10060 10600 27733 28273 0
1919 2312 27840 28233 0
3501 4719 25608 26826 0
3014 13754 15993 26733 0
1030 5911 8763 13644 0
22179 22233 24958 25012 2
9491 12981 26005 29495 0
2324 2374 2402 2452 52
26659 27336 27561 28238 0
16038 19351 26064 29377 0
4348 14137 20160 29949 0
7710 15257 20435 27982 0
19117 22415 25016 28314 0
14586 17531 18893 21838 0
10355 14603 15669 19917 0
21927 24257 25699 28029 0
28355 28418 29909 29972 0
17746 20464 21152 23870 0
14361 18043 21565 25247 0
5137 8196 23631 26690 0
18468 20883 25121 27536 0
711 5530 24652 29471 0
26007 26166 27888 28047 0
28844 29048 29731 29935 0
12285 16153 24663 28531 0
28990 29075 29084 29169 77
16781 16844 17834 17897 29
1633 4971 11334 14672 0
12607 16534 25768 29695 0
25938 25947 29743 29752 376
3640 8246 16463 21069 0
303 4273 21307 25277 0
636 6641 22887 28892 0
11660 13249 13640 15229 0
6847 14627 18334 26114 0
3605 5717 26574 28686 0
7145 8144 9602 10601 0
15064 18835 26217 29988 0
131 2440 25557 27866 0
15210 16202 27060 28052 0
29736 29738 29964 29966 254
15741 15773 29892 29924 0
2322 2740 5129 5547 0
19015 20049 25741 26775 0
25543 26583 27055 28095 0
23055 23647 29351 29943 0
14509 20112 20139 25742 0
4023 4100 4358 4435 485
16275 17697 18948 20370 0
28786 28790 29902 29906 2653
27857 27876 28924 28943 3
9353 10179 11016 11842 0
6140 9548 14311 17719 0
12796 15488 25377 28069 0
1322 4402 6942 10022 0
11028 17551 23103 29626 0
2189 6440 7388 11639 0
27013 27086 29747 29820 0
2144 7042 24411 29309 0
6549 8460 20059 21970 0
20802 23324 25899 28421 0
23558 23567 23568 23577 501
2175 8895 20644 27364 0
14623 15991 28514 29882 0
21786 23199 28581 29994 0
11857 15945 16057 20145 0
6611 12092 12110 17591 0
2647 2816 5799 5968 0
22065 22183 29780 29898 0
15011 21179 22269 28437 0
3497 3564 4130 4197 101
17478 20179 26819 29520 0
5119 11891 18459 25231 0
3441 12905 13231 22695 0
10024 15742 23316 29034 0
28201 28443 29240 29482 0
20275 23787 24983 28495 0
22045 23401 27155 28511 0
17153 17865 27797 28509 0
19540 22425 22595 25480 0
2214 7615 10953 16354 0
263 9436 10421 19594 0
9651 12969 25868 29186 0
18253 22412 23406 27565 0
26079 26942 27172 28035 0
3974 7109 26595 29730 0
26257 26960 27822 28525 0
3685 10563 20087 26965 0
8532 11136 26639 29243 0
19416 22680 26736 30000 0
27782 28160 29566 29944 0
2273 9802 17766 25295 0
29267 29279 29952 29964 1
29392 29431 29471 29510 104
24825 27052 27520 29747 0
9367 15899 19547 26079 0
2556 3580 22997 24021 0
15767 19895 24473 28601 0
7801 12949 18643 23791 0
12964 15179 26089 28304 0
27594 27995 28544 28945 0
8898 14687 22407 28196 0
319 1550 28095 29326 0
26193 26235 26505 26547 198
16830 19201 27526 29897 0
28852 28933 28984 29065 7
13406 13556 14649 14799 237
22220 22223 28789 28792 29
551 4071 24984 28504 0
29930 29948 29959 29977 23
7291 11447 18719 22875 0
658 3830 10768 13940 0
12633 13952 21702 23021 0
9863 13706 17971 21814 0
19840 21563 23892 25615 0
25819 27572 27849 29602 0
7480 10372 25495 28387 0
7740 14356 14672 21288 0
826 1104 21878 22156 0
18566 21265 22507 25206 0
29087 29090 29159 29162 728
18129 19470 28378 29719 0
19546 20798 24217 25469 0
14128 19447 20359 25678 0
3352 11192 20243 28083 0
25553 25658 29854 29959 0
12334 17384 23362 28412 0
15961 16560 29104 29703 0
2255 2974 25895 26614 0
13866 15921 22442 24497 0
2209 7108 20446 25345 0
19942 20846 26112 27016 0
17160 18615 18825 20280 0
4092 9581 14347 19836 0
19322 20139 24786 25603 0
4852 6654 27145 28947 0
19539 20570 26890 27921 0
112 4151 25408 29447 0
11815 15045 26365 29595 0
15612 20445 24947 29780 0
29191 29297 29310 29416 0
8528 15346 15357 22175 0
6906 8476 27777 29347 0
1005 7616 23309 29920 0
16163 19432 25642 28911 0
29497 29559 29872 29934 0
10299 11435 27252 28388 0
27841 27895 29928 29982 1
11629 14969 24686 28026 0
16860 16984 17591 17715 105
12939 13844 28348 29253 0
26002 26312 29623 29933 0
6089 13121 19845 26877 0
5830 14640 20456 29266 0
29583 29706 29715 29838 0
18949 23158 25502 29711 0
18621 20312 20418 22109 0
25597 25738 25799 25940 77
3266 8842 13878 19454 0
22234 23342 27675 28783 0
17963 21418 22252 25707 0
906 10691 13190 22975 0
29472 29683 29768 29979 0
11116 11157 29932 29973 0
14445 18342 24850 28747 0
3760 15026 16381 27647 0
21515 22364 27418 28267 0
967 6653 22736 28422 0
16261 16876 29245 29860 0
27074 27075 27078 27079 7
15371 20964 24005 29598 0
6923 10045 24893 28015 0
18261 19807 21930 23476 0
1020 5815 13170 17965 0
1664 12853 18380 29569 0
1349 3175 19505 21331 0
4012 13358 17954 27300 0
16818 18750 18751 20683 0
4914 6863 27920 29869 0
849 6060 9606 14817 0
5259 10496 17082 22319 0
805 4936 6547 10678 0
19899 23634 24877 28612 0
29945 29945 29946 29946 49
2109 6233 12028 16152 0
10464 16650 22895 29081 0
20217 20787 27150 27720 0
28992 29276 29688 29972 0
13511 16925 18428 21842 0
701 1884 28654 29837 0
17686 23156 24130 29600 0
18418 22630 25787 29999 0
1411 12026 15707 26322 0
3843 7277 25558 28992 0
11285 13099 27461 29275 0
1259 6218 15286 20245 0
29154 29357 29635 29838 1
23467 24664 24910 26107 0
29672 29686 29974 29988 0
5494 14730 15188 24424 0
12606 15685 17352 20431 0
14296 20707 22917 29328 0
729 4233 17277 20781 0
6042 6122 6815 6895 4
6568 11272 21944 26648 0
5249 8399 22038 25188 0
15797 19218 24364 27785 0
9900 14424 21370 25894 0
15161 20429 21267 26535 0
10197 13931 15768 19502 0
2182 3026 7488 8332 0
5042 7665 26089 28712 0
3920 15913 17450 29443 0
427 3049 6239 8861 0
2139 6010 13192 17063 0
21759 23102 27718 29061 0
5376 7944 20522 23090 0
29534 29620 29822 29908 0
16485 18997 26201 28713 0
28768 28791 29946 29969 0
18174 20482 27142 29450 0
16570 17211 18948 19589 0
23064 25576 26600 29112 0
645 1459 14075 14889 0
29706 29723 29738 29755 18
18924 19289 23622 23987 0
22995 23210 23702 23917 0
29823 29838 29840 29855 16
22215 24120 26801 28706 0
29330 29347 29545 29562 361
26067 26067 26199 26199 1218
22619 24256 28322 29959 0
29329 29537 29790 29998 0
559 4800 22791 27032 0
13121 19683 22397 28959 0
21378 25279 25616 29517 0
25912 26242 26633 26963 55
10029 17171 17284 24426 0
29395 29470 29540 29615 39
5324 9504 22172 26352 0
1510 8745 19857 27092 0
1837 2592 8840 9595 0
17 5853 9762 15598 0
1872 6645 10440 15213 0
13251 17073 17570 21392 0
4761 4761 4764 4764 14994
7485 11172 18140 21827 0
1683 3710 15963 17990 0
13029 17076 18906 22953 0
16232 21195 24088 29051 0
7603 12674 23967 29038 0
9206 9410 27839 28043 0
29641 29703 29922 29984 0
25709 26511 28921 29723 0
28096 28221 29786 29911 0
19829 21887 25962 28020 0
5925 13316 15466 22857 0
28925 29155 29256 29486 0
12944 15757 25942 28755 0
24759 24836 25132 25209 39
17028 20772 24260 28004 0
29545 29582 29727 29764 2
13826 16401 20259 22834 0
4071 9060 14637 19626 0
18727 20849 24535 26657 0
29129 29188 29920 29979 0
14891 17351 26872 29332 0
12402 13082 27398 28078 0
22446 22456 26930 26940 1350
29796 29799 29955 29958 941
8468 10400 11306 13238 0
25090 25919 28930 29759 0
18059 19124 22402 23467 0
25905 26909 27377 28381 0
15159 15661 28307 28809 0
25555 25711 26582 26738 17
7347 10589 24791 28033 0
28511 29222 29227 29938 0
20743 22966 24811 27034 0
4593 16522 17269 29198 0
1355 3088 6266 7999 0
23319 23487 23557 23725 38
4448 6067 24037 25656 0
28052 28769 28998 29715 0
25305 26331 28528 29554 0
2117 3955 16933 18771 0
5048 7577 17542 20071 0
15685 16355 27823 28493 0
23344 23553 25697 25906 0
20489 23522 23758 26791 0
357 5210 12212 17065 0
623 626 631 634 1059
530 1324 3594 4388 0
600 983 29348 29731 0
25364 25370 26659 26665 0
13195 18694 24000 29499 0
5103 5733 28736 29366 0
24742 24772 28288 28318 0
12846 12847 12864 12865 3367
6715 9348 27152 29785 0
29204 29411 29742 29949 0
27933 28137 28242 28446 55
17393 22857 23948 29412 0
143 6027 7619 13503 0
1577 10716 19061 28200 0
17048 21521 21530 26003 0
26266 26438 26499 26671 0
2490 3991 26089 27590 0
2179 2870 25975 26666 0
23470 24279 26966 27775 0
19640 22398 25859 28617 0
10740 11850 25556 26666 0
27642 28074 29542 29974 0
2003 6876 11137 16010 0
500 9226 20984 29710 0
28373 28381 29164 29172 1326
24026 24766 28820 29560 0
15958 18496 24638 27176 0
10420 10635 29309 29524 0
12874 15640 18039 20805 0
24080 25594 26192 27706 0
