3
3
3
3
3
2 2557
2 22565
2 12170
3
2 5140
1 1
2 5419
2 13055
2 23428
1 2
2 88
2 26551
2 18364
2 24727
1 3
2 4045
2 7583
2 13589
2 20792
1 4
2 3961
2 8173
1 5
2 20475
2 5327
1 6
2 11744
2 9607
2 22168
1 3
1 3
2 28930
2 9437
2 5890
2 7087
2 6800
1 8
2 10339
2 9335
1 9
1 10
1 1
1 1
1 2
1 2
2 7063
1 3
1 3
1 3
2 6887
2 26044
1 4
1 4
1 5
1 5
2 13950
1 9
1 9
1 7
1 8
1 8
2 29910
1 9
1 9
1 9
1 10
1 10
1 1
1 1
1 1
2 22930
1 2
1 2
1 2
2 5135
1 3
1 3
1 3
1 3
2 18432
1 4
1 4
1 4
1 5
1 5
1 5
1 6
1 6
1 7
1 7
1 8
1 8
1 8
1 6
1 6
1 6
2 13297
1 10
1 10
1 10
1 1
1 1
1 1
1 1
1 2
1 2
1 2
1 2
1 3
1 3
1 3
1 3
1 3
1 4
1 4
1 4
1 4
1 5
1 5
1 5
1 5
1 6
1 6
1 6
1 6
1 7
1 7
1 7
1 8
1 8
1 8
1 8
1 9
1 9
1 9
1 9
1 10
1 10
1 10
1 10
2 25789
1 1
1 1
1 1
1 1
1 1
1 2
1 2
1 2
1 2
1 2
1 7
1 7
1 7
1 7
1 4
1 4
1 4
1 4
1 4
2 21849
1 5
1 5
1 5
1 5
1 5
1 6
1 6
1 6
1 6
1 6
2 13208
1 7
1 7
1 7
1 7
1 7
2 4817
1 8
1 8
1 8
1 8
1 8
2 1868
1 9
1 9
1 9
1 9
1 9
1 10
1 10
1 10
1 10
1 10
1 1
1 1
1 1
1 1
1 1
1 1
1 2
1 2
1 2
1 2
1 2
1 2
1 3
1 3
1 3
1 3
1 3
1 3
1 4
1 4
1 4
1 4
1 4
1 4
1 5
1 5
1 5
1 5
1 5
1 5
1 6
1 6
1 6
1 6
1 6
1 6
1 7
1 7
1 7
1 7
1 7
1 7
1 8
1 8
1 8
1 8
1 8
1 8
1 9
1 9
1 9
1 9
1 9
1 9
1 10
1 10
1 10
1 10
1 10
1 10
1 1
1 1
1 1
1 1
1 1
1 1
1 1
2 5138
2 17923
1 2
1 2
1 2
1 2
1 2
1 2
1 2
1 3
1 3
1 3
1 3
1 3
1 3
1 3
1 4
1 4
1 4
1 4
1 4
1 4
1 4
1 5
1 5
1 5
1 5
1 5
1 5
1 5
1 6
1 6
1 6
1 6
1 6
1 6
1 6
1 7
1 7
1 7
1 7
1 7
1 7
1 7
1 8
1 8
1 8
1 8
1 8
1 8
1 8
1 9
1 9
1 9
1 9
1 9
1 9
1 9
2 7019
1 10
1 10
1 10
1 10
1 10
1 10
1 10
1 1
1 1
1 1
1 1
1 1
1 1
1 1
1 1
2 9532
1 2
1 2
1 2
1 2
1 2
1 2
1 2
1 2
1 3
1 3
1 3
1 3
1 3
1 3
1 3
1 3
1 4
1 4
1 4
1 4
1 4
1 4
1 4
1 4
1 5
1 5
1 5
1 5
1 5
1 5
1 5
1 5
2 28002
2 8533
1 6
1 6
1 6
1 6
1 6
1 6
1 6
1 6
1 7
1 7
1 7
1 7
1 7
1 7
1 7
1 7
1 8
1 8
1 8
1 8
1 8
1 8
1 8
1 8
1 9
1 9
1 9
1 9
1 9
1 9
1 9
1 9
1 10
1 10
1 10
1 10
1 10
1 10
1 10
1 10
1 1
1 1
1 1
1 1
1 1
1 1
1 1
1 1
1 1
1 2
1 2
1 2
1 2
1 2
1 2
1 2
1 2
1 2
1 3
1 3
1 3
1 3
1 3
1 3
1 3
1 3
1 3
1 4
1 4
1 4
1 4
1 4
1 4
1 4
1 4
1 4
1 5
1 5
1 5
1 5
1 5
1 5
1 5
1 5
1 5
1 6
1 6
1 6
1 6
1 6
1 6
1 6
1 6
1 6
1 7
1 7
1 7
1 7
1 7
1 7
1 7
1 7
1 7
1 8
1 8
1 8
1 8
1 8
1 8
1 8
1 8
1 8
1 9
1 9
1 9
1 9
1 9
1 9
1 9
1 9
1 9
2 29413
1 10
1 10
1 10
1 10
1 10
1 10
1 10
1 10
1 10
1 1
1 1
1 1
1 1
1 1
1 1
1 1
1 1
1 1
1 1
1 2
1 2
1 2
1 2
1 2
1 2
1 2
1 2
1 2
1 2
1 3
1 3
1 3
1 3
1 3
1 3
1 3
1 3
1 3
1 3
1 4
1 4
1 4
1 4
1 4
1 4
1 4
1 4
1 4
1 4
1 5
1 5
1 5
1 5
1 5
1 5
1 5
1 5
1 5
1 5
1 6
1 6
1 6
1 6
1 6
1 6
1 6
1 6
1 6
1 6
1 7
1 7
1 7
1 7
1 7
1 7
1 7
1 7
1 7
1 7
2 29165
2 4718
2 13511
1 8
1 8
1 8
1 8
1 8
1 8
1 8
1 8
1 8
1 8
1 9
1 9
1 9
1 9
1 9
1 9
1 9
1 9
1 9
1 9
1 10
1 10
1 10
1 10
1 10
1 10
1 10
1 10
1 10
1 10
2 29287
2 28053
2 12741
2 15635
2 7624
2 20553
2 10088
2 25410
2 21932
2 12329
2 29551
2 19865
2 12248
2 29623
2 26520
2 18322
2 2276
2 8019
2 17897
2 7929
2 8727
2 29755
2 2327
2 28900
2 6421
2 12963
2 26230
2 11340
2 7775
2 7428
2 9323
2 11924
2 8550
2 20538
2 23307
2 27615
2 19636
2 9032
2 18008
2 852
2 26516
2 9863
2 23683
2 12458
2 28500
2 2202
2 24638
2 1257
2 27315
2 12129
2 2241
2 4413
2 6040
2 5859
2 5485
2 21102
2 8472
2 27522
2 6560
2 4116
2 10754
2 9547
2 4235
2 20648
2 19923
2 4443
2 26914
2 19801
2 13493
2 6198
2 8865
2 20221
2 17641
2 22752
2 5843
2 1025
2 27043
2 5250
2 16279
2 27330
2 13148
2 2734
2 7790
2 4594
2 4862
2 8996
2 4098
2 1056
2 24424
2 23306
2 15944
2 24209
2 18388
2 15505
2 21884
2 14132
2 12541
2 21757
2 19393
2 28149
2 24969
2 1939
2 5241
2 25274
2 13960
2 28891
2 7666
2 18092
2 1117
2 6527
2 21122
2 26616
2 29951
2 18563
2 13486
2 7450
2 4308
2 13819
2 19614
2 3281
2 489
2 4646
2 29949
2 23060
2 15170
2 21271
2 24271
2 6068
2 15275
2 15137
2 7396
2 6230
2 27665
2 4582
2 25135
2 7914
2 2472
2 22023
2 7387
2 18696
2 14998
2 2300
2 14512
2 9286
2 15637
2 26748
2 4546
2 10975
2 14548
2 4942
2 16124
2 5302
2 7216
2 19004
2 19151
2 26525
2 541
2 21439
2 17976
2 14472
2 24483
2 9481
2 4126
2 23136
2 11936
2 20020
2 20863
2 14776
2 5238
2 7846
2 18893
2 4661
2 4976
2 4710
2 5431
2 10162
2 24367
2 8189
2 15403
2 15174
2 25357
2 4155
2 4320
2 2060
2 1603
2 13245
2 27584
2 9385
2 18671
2 26281
2 21114
2 22542
2 27271
2 9424
2 4004
2 9399
2 7832
2 22043
2 24782
2 10513
2 6130
2 29039
2 6380
2 14120
2 29669
2 22948
2 10558
2 7676
2 924
2 15960
2 4487
2 7017
2 9414
2 16647
2 24216
2 25505
2 21800
2 13140
2 9382
2 11842
2 13709
2 7795
2 5631
2 7681
2 18863
2 13446
2 14563
2 266
2 23966
2 22052
2 15024
2 1564
2 3015
2 3537
2 8554
2 28941
2 13738
2 28116
2 28447
2 9089
2 28786
2 14792
2 4255
2 25698
2 903
2 17137
2 19056
2 4298
2 20715
2 18562
2 22277
2 17047
2 26012
2 579
2 5752
2 2537
2 29850
2 13505
2 12922
2 7471
2 3542
2 21650
2 16701
2 8024
2 15330
2 24045
2 21692
2 5847
2 23764
2 4938
2 6180
2 15122
2 13767
2 28346
2 7241
2 4437
2 28470
2 29290
2 1853
2 5827
2 24622
2 24328
2 9990
2 13349
2 9657
2 26104
2 29903
2 5950
2 25808
2 13302
2 265
2 15859
2 9595
2 5467
2 19992
2 17730
2 656
2 24170
2 14745
2 8119
2 2998
2 28604
2 17402
2 25541
2 25054
2 20075
2 5104
2 12780
2 24626
2 2966
2 9554
2 22984
2 27740
2 19800
2 24056
2 27474
2 27113
2 5514
2 14010
2 18673
2 27701
2 26540
2 21794
2 29458
2 27225
2 25799
2 5980
2 3081
2 17079
2 27651
2 21360
2 27986
2 14444
2 26851
2 4331
2 5252
2 3256
2 29924
2 15351
2 3339
2 23497
2 12043
2 29622
2 11373
2 12009
2 23446
2 6374
2 26583
2 1112
2 24304
2 27091
2 3327
2 25663
2 12875
2 26029
2 23502
2 5084
2 11632
2 11232
2 168
2 1169
2 5855
2 19296
2 3397
2 24510
2 10657
2 18435
2 3810
2 10803
2 21507
2 28485
2 5117
2 20224
2 7526
2 16892
2 28372
2 29294
2 4321
2 6006
2 27864
2 24673
2 220
2 19637
2 14887
2 8892
2 5970
2 11435
2 29299
2 9023
2 10832
2 18911
